   2.6407665e+00  -3.5953415e-01
  -1.2832562e+00  -1.4356865e+00
   5.3642507e+00  -1.2917894e+00
  -1.6801594e+00  -1.1891798e+00
  -1.8854670e+00   1.3002655e+00
  -2.1272942e+00   7.3512029e-01
  -1.7533685e+00  -1.1224054e+00
  -2.7184243e-01   1.6126437e+00
   7.8724902e-01   8.3006677e-01
   2.9144313e+00  -2.1179239e+00
   2.1960719e+00  -8.3600543e-01
   2.1072664e+00  -2.2030986e-02
   1.1701767e+00  -7.9311277e-01
   3.0162148e+00   2.1025553e-01
   4.6874416e+00  -1.3028877e+00
   2.3627191e+00   1.9072712e+00
   2.2067483e+00   8.6608154e-01
  -3.7589193e+00  -9.3037495e-01
  -8.2487564e-01   1.0992276e+00
   3.5698529e+00  -1.1769490e+00
   4.1482818e+00  -2.5738567e-01
  -2.0214135e-02  -7.2491500e-01
  -1.8994677e+00  -4.9139516e-01
   1.6380128e-01  -1.6970017e+00
   7.9716958e-01   3.2237946e-01
   2.1571192e+00  -4.0919961e-01
  -5.4640552e-01  -8.0644602e-01
  -1.1887779e+00   1.1363150e+00
  -1.9240889e+00  -2.0421461e+00
   2.2533192e+00   8.7135296e-01
  -2.4263711e+00   1.2389954e+00
   4.4854242e+00  -2.1471639e-01
   1.8732061e+00  -3.3575336e-01
  -1.4410850e+00  -6.7201623e-01
  -2.6529698e+00   1.3352962e+00
   3.4146916e+00  -4.4001311e-01
  -2.6125943e+00   1.5963398e+00
  -7.0313866e-02   9.0734938e-01
   3.7319663e-01  -1.6535424e+00
  -3.7242301e+00   2.5531488e+00
   5.3127717e-01   6.3313221e-01
   1.8552936e+00   2.1904781e+00
   2.4677837e+00  -2.1124020e-01
  -2.3896909e+00   1.1181991e+00
   4.3679604e-01   3.3798929e-02
   1.0102305e+00   5.4598364e-01
  -1.3618355e+00   1.3630546e-01
   4.9723401e+00  -1.0595540e+00
   2.1706363e+00  -2.1176147e+00
  -3.9661730e+00   1.7733472e-01
   2.7778366e-01  -1.7034860e+00
   2.1747025e+00  -3.1160344e-02
  -5.5346102e-01   3.4620549e+00
   4.4518300e+00  -3.7262092e-01
  -3.3158011e+00   4.7704684e-01
  -3.8252943e+00   1.4349757e+00
  -4.8788274e-01  -1.4143574e+00
  -1.5029769e+00   1.1780322e+00
   1.7040478e+00  -1.7677463e+00
  -2.8924280e+00   7.3521020e-01
  -1.1258606e-01   5.6115530e-01
  -3.7549384e+00   2.3083624e+00
  -1.1959115e+00   2.7390068e-02
  -1.0316408e+00  -8.2537448e-01
  -4.6982856e+00   1.6666031e+00
  -2.4368407e+00   8.1790629e-01
   2.4435563e+00  -1.3372203e+00
  -2.0102476e+00   1.1904721e+00
  -3.4797274e-01   1.0222988e+00
   7.8601233e-01   7.4938946e-01
   2.6748263e+00  -1.3367955e+00
  -1.3184886e+00  -7.0565973e-01
   3.7012740e+00  -6.7099645e-02
  -2.6406181e+00   3.3283130e-01
   5.2641680e+00  -1.7044782e+00
   7.7353161e-01  -1.1821164e+00
   2.5674272e+00  -2.5497085e-01
  -1.9821852e+00   1.6235488e+00
   2.5183284e+00   1.5462658e+00
   1.2447795e+00   3.6373620e-01
   2.1490353e+00   1.4289754e-01
  -1.0083929e+00   2.1134802e+00
   4.2437875e+00  -1.0053373e+00
   1.3132018e+00   1.0707942e+00
  -1.3436320e+00  -6.9412784e-01
  -2.9106588e-01   4.4858319e-01
  -1.5714843e+00  -1.1053760e+00
   1.4503840e+00  -8.1272220e-01
  -8.9797619e-02   5.2752779e-02
  -2.1231956e+00  -9.4861080e-01
  -6.9949360e-01  -3.6300521e-01
   7.1589724e-01   2.7022645e-01
   1.1926556e+00  -4.0998230e-01
   1.6940492e-01   1.0879197e+00
   4.7432185e-02  -9.1843046e-01
  -1.5690229e+00  -4.5031245e-01
  -1.2437020e-01  -2.7216000e+00
  -2.6855781e+00  -4.9947394e-02
  -1.0235473e+00   1.0163769e-01
   1.5300897e+00  -8.0599906e-01
   9.7077796e-01   9.4889914e-01
   8.3403138e-01  -6.6139409e-02
  -3.2716038e+00   3.5587115e-01
  -5.4459104e-01  -1.0399859e+00
  -4.5393837e+00   1.3605112e+00
   6.0967162e-01   1.9059671e-01
  -1.9884308e+00   1.6543366e+00
   1.3991310e+00  -3.5917843e-01
  -9.7009583e-01   1.7288693e-01
  -1.4075910e-01   9.4058368e-01
  -1.4444667e+00  -6.1854904e-01
   4.1935734e-02  -1.8706580e+00
   5.7866083e-01   7.7884102e-01
   4.4574281e+00  -1.5866130e+00
   3.1468548e+00  -1.6945660e+00
  -2.9343943e+00   1.8951192e+00
   7.5271977e-01   6.4400441e-01
   2.6173597e+00   4.3554139e-02
  -3.0089224e+00   8.1677834e-01
   2.4560385e+00  -9.6843368e-01
   3.4529854e+00  -9.0306762e-01
   7.7036538e-01  -1.3504850e+00
  -5.7083928e+00   1.2452323e-01
  -3.4858543e+00   1.1635517e-01
  -2.6985501e+00   3.0808681e-01
   4.6528612e+00   1.2460556e-01
  -3.2595297e+00   8.4892808e-01
  -2.1724815e+00  -1.3060313e+00
   2.2083181e+00  -1.2099724e+00
   1.1275893e+00  -1.6137110e+00
   7.0800259e-01  -8.8563546e-01
   2.8648644e+00  -2.1357404e+00
   7.6893722e-01  -1.1900172e+00
  -2.3948754e+00   7.8185742e-01
   1.5276080e+00  -2.9874272e-01
   2.4929381e+00  -3.9320312e-01
   1.0907062e+00   3.5653873e-01
  -1.4778147e+00   1.3637825e+00
   3.5446030e+00  -1.8784775e-01
   2.5884117e-01  -6.9821014e-01
  -2.3672286e+00   9.6325337e-01
   1.8939353e+00  -1.0864119e+00
  -7.4093411e-01   5.7576889e-01
  -1.0685193e+00  -5.1926238e-01
  -1.6538171e-02   1.4459187e+00
   2.5954436e-01   6.3587420e-03
   1.2459120e+00  -1.7488305e+00
   3.4459909e+00  -1.4655339e-01
  -1.1680029e+00  -2.0771682e-01
   3.5753948e+00  -3.3647112e-01
   1.4479161e+00  -1.7854410e+00
  -1.0884816e+00  -4.2008135e-01
   3.2575448e+00  -2.4830256e-01
   3.4727877e+00  -1.6125044e+00
   8.9295764e-01  -1.0541648e+00
  -9.0209067e-01  -1.0826914e-01
  -5.8801356e-02  -2.2409550e-01
   1.1733249e+00  -7.2079533e-01
  -4.4538477e-01  -4.6345524e-01
   6.7659924e-01  -3.3084418e-02
   3.0631543e+00  -1.2094952e+00
   2.1016614e+00  -7.6168603e-01
   2.2351781e+00   3.9859268e-01
  -1.7059576e+00   5.0361063e-01
   8.4316453e-02  -3.9526778e-01
   2.7009998e+00  -2.8377058e-01
   1.2842451e+00  -1.0531550e+00
  -4.0160755e+00   5.0463081e-01
  -1.1517049e+00   1.0481461e+00
   1.4814568e+00   4.3194762e-01
  -3.8153816e+00  -2.7467624e-01
   2.6913510e+00   7.8830720e-01
  -1.6380868e+00   2.6596657e-01
   2.5459392e+00  -1.0386647e+00
   3.1922815e-01   2.0740809e+00
   1.3130211e+00  -4.8993232e-01
   1.9663831e+00  -1.4409622e+00
  -1.9690775e+00  -1.1883146e-01
   1.6215027e+00  -9.4294576e-02
  -4.2464734e+00   9.7522265e-01
   3.1839486e+00  -5.6574439e-01
   2.3861978e-02  -1.1457642e+00
  -2.5011761e-02  -5.9281106e-01
   6.6906561e-01  -8.9668383e-01
   2.6141875e+00   2.0167910e+00
   9.7128051e-01  -4.2860026e-01
   2.0061635e+00  -1.7109905e+00
   4.7590330e-01  -1.1490535e+00
  -4.6857012e+00   1.0078224e+00
  -4.3273835e-01   4.3312879e-02
  -5.3741894e+00   5.4224359e-01
  -4.7448964e+00   1.1391605e+00
   3.0276209e-01   5.4202657e-01
   1.2381884e+00   3.7774159e-01
  -1.8181796e+00   3.9801957e-01
   3.7245334e-01  -5.9151687e-01
   6.5499493e-01   3.6239413e-01
  -7.1742963e-01   1.7905076e+00
   1.7252301e+00   2.5990410e-01
  -2.2367573e+00  -3.5343216e-01
  -1.7012511e+00   8.2277680e-01
   2.4239251e+00  -7.3964862e-01
   3.8669371e-01  -8.7889562e-01
   1.4275355e+00  -1.0826098e+00
   1.2762738e-01  -6.9368952e-01
  -1.6291231e+00   2.6946739e-01
   3.2719551e+00   2.7641659e-01
  -4.8528304e+00   9.2325131e-01
   5.7432818e-01  -1.2850313e+00
  -4.4813457e-01   1.3910058e+00
  -4.3286053e+00   1.3333924e-02
   9.8477379e-01   3.2495646e-01
  -9.3226587e-01   8.3319415e-01
  -3.7479691e+00  -3.6436094e-01
  -7.3151345e-01   9.2192799e-01
  -1.6416502e+00   1.6516189e+00
  -1.5543493e+00   5.9145433e-01
  -3.6098919e-01  -4.0980389e-02
  -7.3021857e-01   1.1829976e-01
  -2.4772230e+00   3.0967449e-01
  -2.1091619e+00   2.1483366e+00
   2.5169712e+00  -2.1358701e+00
   1.1869648e+00   2.5145637e-01
  -4.7958156e+00   8.1292852e-01
   1.1102342e+00  -1.3836536e-01
  -1.7900712e-01  -8.7661031e-03
  -1.0475392e+00  -1.1251906e-01
   4.7654200e+00  -5.2886543e-01
   1.9177656e+00   2.6251798e-01
   1.7632716e+00   1.3722580e+00
  -3.2489499e+00  -1.3547742e+00
  -1.1570639e-01   1.1056544e+00
   1.1033392e+00   4.1154684e-01
  -4.1386003e+00   1.1258942e+00
   2.0400354e+00  -6.4825609e-01
   1.2432609e+00  -1.3605204e+00
  -4.9047286e-01  -2.4815256e-01
  -3.2151242e+00   1.6111463e+00
  -1.7676671e+00  -3.2649301e-01
  -4.1377948e+00   7.7621402e-01
   1.3588779e+00   7.7819408e-01
   2.1160667e-01  -1.1886764e+00
  -4.4789813e+00   1.1005501e+00
  -2.2014779e+00   1.2173644e-02
   2.7215070e+00  -1.1588380e+00
  -1.9490238e+00  -3.4966581e-01
  -6.6513984e-01   9.3709886e-01
   3.1182089e+00   9.3157786e-02
   1.8373878e+00   3.1087414e-03
  -2.4055522e-01   2.6587050e+00
   1.6497702e+00   1.0907221e-01
   1.0289057e+00   5.7461082e-01
  -1.9058266e+00  -3.1384655e-01
   6.6579965e-01   1.6670527e-01
   6.2136964e-01   7.4321106e-01
   5.3855729e+00  -8.6464692e-01
   8.8149454e-01  -7.9051470e-01
  -3.1259289e+00   1.3832696e+00
  -3.7348898e+00   1.3606982e-01
   2.6538570e+00   6.4484690e-01
  -1.9707468e+00  -2.0388054e-01
   1.1078840e+00   1.8121820e+00
   4.3108885e-01  -1.8283352e-01
  -5.4128566e-01  -1.3155021e+00
   2.4156305e+00  -5.9839858e-01
   2.4477160e+00   6.7069181e-02
  -3.1323908e+00   1.3368294e+00
  -8.2441001e-01  -1.5868427e+00
  -4.9700506e-01   3.3945037e-02
   2.2411048e-01  -9.3893433e-02
  -4.6941993e+00  -1.4256400e-01
   4.3889388e-01  -2.9102313e-01
  -1.9365137e+00  -5.8799817e-01
  -2.1992941e+00  -6.3547220e-02
  -5.3030950e-02  -1.7964939e-01
  -2.6429963e+00   1.4538029e+00
  -1.6580972e+00   4.9878627e-01
  -1.7978629e+00   7.9633825e-01
  -9.5898828e-02   1.5068800e-02
  -1.8061428e-01  -6.7550536e-01
  -2.6857800e-01   1.1385326e-01
   2.9982987e+00  -6.2180237e-04
  -1.3378137e+00   7.7882027e-01
   2.5314941e+00   4.3078938e-01
  -6.2609324e-01   1.6909687e+00
   1.5232071e+00  -4.5448189e-01
  -2.1963168e+00   9.3138831e-01
  -5.0177003e+00   1.7459259e+00
  -6.0869322e+00   5.4791939e-01
  -1.3468959e+00   2.5758335e-02
  -1.6307264e+00   1.1968187e-01
  -7.6399773e-01  -2.3435284e+00
  -9.2659636e-01   1.0161564e+00
   3.1385253e+00  -1.6204169e+00
  -2.8347119e+00   1.9114056e-02
  -1.3733932e+00   1.4186431e+00
  -2.6597349e+00   1.0822681e+00
  -5.0018530e-01  -8.0476372e-01
   2.1842625e+00   1.5086123e+00
   1.9867626e-01   5.9780245e-01
   1.0503318e+00  -7.5581659e-01
   3.0653990e+00  -7.1192594e-01
   2.1869949e-01   8.3127663e-01
  -1.3412796e+00   2.3262342e+00
   9.5189745e-02  -8.4843957e-01
   1.2490380e-02   2.0373791e-01
   1.4551511e+00   6.7982842e-01
  -2.8394031e+00   7.4663450e-01
   4.6782642e+00  -1.1616973e+00
  -3.8781210e+00   9.3928400e-01
   2.6472467e-02  -6.3063391e-02
  -2.9625794e+00   1.1440637e-01
   1.9926917e-01  -1.9172701e+00
   1.2522997e+00  -2.1320906e+00
   2.7590998e+00  -2.3151595e-01
  -1.6848706e+00   1.0977202e+00
   1.8223678e+00  -1.1965349e+00
  -4.1382746e+00   1.2048494e+00
  -2.7257419e+00  -2.4861237e-01
  -1.6527606e+00  -1.1670912e+00
  -1.7476247e+00  -4.5440264e-01
  -1.6853750e+00   1.5324548e+00
   5.8055124e-01   1.8881640e-01
  -5.3055678e-01  -2.7156700e-01
   2.6275017e+00   2.0954383e+00
  -5.8087337e+00  -9.0219910e-01
   2.8594276e+00  -1.5420313e+00
   1.9790249e-01   2.8576836e-01
  -6.8108554e+00   5.1629537e-01
  -1.4926635e+00   5.5918404e-01
  -3.8501383e+00   4.6743031e-01
   2.1637083e-01  -1.0072652e-01
  -4.6170427e-01  -5.8270035e-01
  -1.2302966e+00   1.5070444e+00
  -6.8034433e-01  -7.3109522e-01
  -2.9002724e-01   1.1445344e+00
  -1.9509871e+00  -6.5179929e-01
  -1.5100219e+00  -8.9809626e-02
   1.5572788e+00   1.5119921e+00
   2.0640145e+00  -1.5824011e+00
  -5.9600761e+00   5.2762847e-01
   2.5924932e+00  -9.4421721e-02
   6.3422523e+00   6.6542275e-02
   4.5045572e-01  -8.4045010e-02
   2.5759991e+00  -1.5232597e-01
  -3.7241036e+00  -2.2469295e-01
  -1.7622374e+00   8.5528968e-03
  -2.1868424e+00   1.4183108e+00
  -3.5222814e-02  -9.8673252e-01
   3.1001063e+00   8.1509033e-03
   3.9264548e+00  -1.9084510e+00
   1.4880491e+00   1.4175726e+00
   2.5503974e-01  -1.6422183e-01
   7.3721103e-01  -4.6038966e-01
  -1.7095978e+00  -1.3143978e+00
   5.0465776e+00  -1.1704997e+00
  -3.1561779e+00   1.1285041e-01
  -3.9550523e+00  -6.6017589e-01
  -7.5583466e-01  -6.1059995e-01
   1.9181774e+00   6.8415504e-01
  -1.7904647e+00   1.3486846e+00
  -2.7118643e+00   1.7787075e+00
   1.9553328e+00   8.4726705e-01
   2.9645793e+00  -3.0125086e-01
   1.2703351e+00  -5.3752207e-01
   2.3307046e+00   1.4045039e+00
   3.8072669e+00  -3.0253502e+00
  -1.5110739e+00  -5.8189637e-01
   1.7319758e+00  -1.8958612e+00
   4.3356786e+00  -8.1769787e-01
  -5.6509639e-01  -2.2619301e-01
   2.6721906e+00   6.5747061e-01
   1.4065982e+00  -8.0011637e-01
  -3.9214689e+00   1.1348545e+00
   1.7784396e+00   9.9557932e-03
  -2.8633899e+00   1.2594891e+00
   1.2550639e+00  -2.1075176e+00
  -1.8104076e+00  -3.3435124e-01
  -3.6822766e+00   1.4056746e+00
   4.1235388e-01   8.0501975e-01
  -4.8400060e+00   2.2239064e-01
   3.7009301e+00  -1.1406741e+00
   1.1332387e+00  -8.4991503e-01
  -1.3612612e+00   6.7191070e-01
   2.2841934e+00   2.9753053e-01
  -7.1035581e-01   8.5697759e-01
  -5.2431040e+00   1.2816161e+00
   9.8406982e-03  -2.1353891e-01
  -3.6434264e+00   2.4678299e+00
   1.6068091e+00  -3.1720384e-01
   3.3197627e+00  -1.4501250e-01
  -3.9644396e+00   1.8086210e-01
   3.3343168e-01   5.3537508e-01
  -1.3153597e+00   5.8376621e-01
  -2.0172588e+00   2.0647617e+00
  -1.0767718e+00  -3.6385820e-01
   4.3539383e+00   1.0180021e-01
   9.7661838e-01   2.7065247e-01
   7.6425347e-01  -1.4103928e+00
   1.9680310e+00  -1.6387269e+00
   1.8537758e+00   3.4958536e-01
  -1.2418524e-01  -8.6118138e-01
  -1.3949945e-01   1.3023107e-01
  -3.5460597e-01  -4.8797205e-01
  -8.6509065e-01  -2.8285137e-01
  -4.9132741e+00  -4.9921153e-01
   3.7932047e+00   5.3260304e-01
  -6.5205169e-01   1.6471649e-01
  -2.8551907e+00   2.2887126e-01
   2.0435224e+00   2.0580723e+00
  -2.7844547e+00   6.5162895e-01
   1.5562029e+00   6.4764702e-01
  -1.4128283e+00  -4.6895617e-01
  -5.2702471e+00   1.8513501e+00
  -3.1783414e-01  -1.8546088e-01
   1.0216410e+00  -1.1716379e+00
   2.7547397e+00  -2.9194279e-01
  -1.8642875e+00   9.0340154e-01
  -1.5369580e+00   1.0077955e+00
  -2.2123555e+00   2.2756912e-02
  -5.3922070e+00  -1.2027443e+00
   3.5191389e+00  -6.2559760e-01
   1.3709700e+00   9.6476165e-02
  -1.6323100e+00   7.4365611e-03
   6.0967483e+00  -1.8576439e+00
   1.8488975e+00  -1.2270675e+00
   1.1014510e+00   4.8049215e-01
  -1.9093353e+00  -1.5277280e+00
   3.3465451e+00   2.5512731e-01
  -2.3747034e+00  -2.0661410e-01
  -1.5517097e+00   2.2096920e-01
  -1.6531458e+00   1.6728916e+00
  -2.7254666e+00   3.3147552e-01
   3.6832294e+00  -1.8899767e+00
   1.2241873e+00   6.2741133e-01
   3.7087422e-01   5.5196811e-01
   1.5509536e+00  -8.0599048e-01
  -5.5397160e-01  -1.2192742e+00
  -5.0576418e+00   1.5221861e+00
  -1.3626487e+00   1.0409872e+00
   2.8824137e+00  -3.1945382e-01
   2.2666993e+00   1.2908684e-01
   7.9111064e-01  -1.4741042e+00
   4.9252459e-01   9.7060567e-01
  -1.8008625e+00   1.2571816e+00
   8.7166191e-01  -1.0581652e+00
  -1.1484586e+00   8.7119498e-01
   2.4376397e+00  -1.1818467e+00
   1.9692675e+00  -9.0664544e-01
   1.6794190e+00  -4.6534592e-01
   3.8165216e-01  -1.9282915e-01
   1.2842757e+00  -1.6469748e-01
   1.3257335e-01   1.0845170e-01
  -2.1841201e-01   4.6373382e-02
  -1.8786239e+00  -1.0190275e+00
  -4.4423941e+00   1.8437699e+00
   1.7623569e-01   6.9631891e-01
   3.8715865e-01  -7.9074741e-01
  -2.7137398e+00   1.2331473e+00
  -8.5798591e-01  -3.5837433e-01
  -6.4119731e-01  -1.5857498e-01
   5.8265799e-01   2.2617264e+00
  -5.1324147e-01  -3.1142652e-01
  -2.6605205e-01   9.3132532e-01
  -4.1975468e+00  -3.7789911e-01
   4.7688618e-01   2.0249650e-01
   3.0875153e+00  -8.6227488e-02
   1.0566907e+00  -7.8649187e-02
   8.1027524e-01   1.1561115e+00
  -9.2710534e-01   2.4926714e-01
   1.1791041e+00   8.6407201e-01
   1.6133181e+00  -2.5099902e-01
   2.5299684e+00   1.0071587e+00
  -2.7113567e+00   1.1012317e+00
  -2.0075995e+00   7.2307889e-01
   1.4163080e-02  -1.5473183e+00
   6.8515740e-01  -2.9344289e-01
   4.1070016e+00   1.2840222e+00
   1.4585012e+00   1.5694554e+00
   2.3340721e+00   1.1783891e+00
   1.0248950e+00   4.0903695e-02
   6.3212683e-01   1.3217967e+00
  -3.3139187e+00   1.9801380e+00
   3.4635730e+00  -1.1323258e-02
  -2.5097174e+00  -2.8502182e-01
  -6.2284674e-01  -1.3225245e+00
  -5.3741239e+00   2.0255458e+00
   1.5575519e+00   1.9035879e+00
   1.8908286e+00   5.2609815e-01
   4.1672830e+00   1.7530453e+00
   6.6823387e-01  -2.1485766e-01
   1.6840303e+00  -1.0389343e+00
  -1.3210046e+00  -1.0219640e+00
  -1.0530947e+00  -8.4752837e-01
   8.2301581e-01   1.0535582e+00
  -5.2659818e-01   9.9359238e-01
   6.2351520e+00  -1.2465103e+00
   3.9238094e+00  -1.0445150e+00
   8.2535966e-01   3.9990391e-03
   2.7388465e+00  -1.0533735e-01
   5.6271254e+00   8.1804458e+00
   6.4470188e+00   6.2754130e+00
   8.8657594e+00   4.1423761e+00
   7.8705982e+00   6.2840967e+00
   7.4315311e+00   8.7495460e+00
   7.1280580e+00   9.0363647e+00
   8.4673414e+00   6.1539103e+00
   7.8058012e+00   4.4483215e+00
   4.9870428e+00   7.5207949e+00
   7.2131805e+00   7.1780298e+00
   7.4837384e+00   5.9212350e+00
   8.5520080e+00   1.0286321e+01
   7.1878801e+00   3.9149034e+00
   8.3989389e+00   6.7546890e+00
   6.6808206e+00   2.2601550e+00
   8.7091748e+00   1.1410310e+01
   7.6139595e+00   6.7140944e+00
   7.7307945e+00   5.4126938e+00
   6.5101757e+00   7.2131373e+00
   7.3243832e+00   2.5841467e+00
   9.2999203e+00   8.9458529e+00
   8.9412796e+00   9.7624020e+00
   4.7580447e+00   2.6051747e+00
   8.4307839e+00   7.6001822e+00
   6.3814793e+00   2.6741912e+00
   6.0343552e+00   3.7300903e+00
   8.1258513e+00   6.6966763e+00
   1.1408668e+01   9.5990330e+00
   7.2978622e+00   8.6578866e+00
   8.1612549e+00   7.8849397e+00
   7.6139604e+00   7.5919063e+00
   7.6537186e+00   6.7611555e+00
   7.9688722e+00   5.6284865e+00
   8.0196615e+00   5.7600824e+00
   7.6290915e+00   7.1307915e+00
   5.5627845e+00   4.9531091e+00
   7.3455139e+00   4.7618947e+00
   6.3791456e+00   7.1741279e+00
   7.0877779e+00   6.0812771e+00
   6.0147444e+00   8.0493192e+00
   4.3689899e+00   2.4948609e+00
   5.2436847e+00   4.3120338e+00
   5.8924126e+00   2.2409012e+00
   5.9700281e+00   5.5567249e+00
   7.6165715e+00   6.1860397e+00
   1.0198064e+01   8.6795192e+00
   6.8802475e+00   5.2603024e+00
   5.0666169e+00   3.3802369e+00
   5.9451152e+00   3.6075572e+00
   6.4607740e+00   4.6115951e+00
   8.4121788e+00   7.7070500e+00
   7.9239303e+00   5.4428096e+00
   8.5978168e+00   8.7160827e+00
   7.3955303e+00   5.6008144e+00
   8.5085316e+00   6.4488991e+00
   7.1295516e+00   5.7642203e+00
   8.5783469e+00   8.3542266e+00
   8.4589614e+00   9.0108675e+00
   8.8134080e+00   8.7228714e+00
   8.8022456e+00   4.6007425e+00
   9.2160428e+00   8.7593679e+00
   8.7687202e+00   6.8800704e+00
   7.2155521e+00   1.2750267e+01
   5.0376948e+00   6.3385493e+00
   6.5271182e+00   4.8735883e+00
   7.6446920e+00   7.9551548e+00
   8.7558659e+00   9.1632602e+00
   9.1082237e+00   7.4621444e+00
   9.1302385e+00   5.9471205e+00
   5.7062757e+00   6.2116644e+00
   9.2748204e+00   6.6576627e+00
   8.1149541e+00   7.3550786e+00
   7.3373601e+00   8.0398538e+00
   8.8064100e+00   7.4196333e+00
   7.5619104e+00   8.6760579e+00
   9.1901799e+00   7.6917840e+00
   5.8627698e+00   4.8502946e+00
   8.1948612e+00   3.7323142e+00
   8.5732797e+00   9.5566938e+00
   9.1196497e+00   6.6617684e+00
   7.7709266e+00   5.9121739e+00
   7.7994366e+00   7.5716066e+00
   6.8387686e+00   4.1711576e+00
   8.3461296e+00   8.8818362e+00
   4.4928227e+00   3.3730657e+00
   5.4257466e+00   2.6497498e+00
   6.7663152e+00   6.6995678e+00
   9.1593013e+00   1.1366032e+01
   8.1002251e+00   8.3357080e+00
   8.0494339e+00   6.2755808e+00
   8.1973949e+00   5.5482942e+00
   7.2479217e+00   8.5006737e+00
   5.9298393e+00   5.1678749e+00
   6.8105770e+00   9.2303327e+00
   9.4035141e+00   9.3244113e+00
   8.6824532e+00   6.6933893e+00
   8.6927207e+00   1.0040045e+01
   7.4037281e+00   5.1358111e+00
   5.1106352e+00   1.2693485e+00
   8.5429242e+00   5.8374707e+00
   5.8652918e+00   1.6200524e+00
   6.4855995e+00   7.2329578e+00
   7.5645519e+00   9.4559630e+00
   7.2183562e+00   4.9099278e+00
   8.7823423e+00   7.0636421e+00
   6.5516588e+00   4.9699243e+00
   7.4374312e+00   2.7229980e+00
   7.5244406e+00   7.8829096e+00
   7.6073033e+00   3.8057757e+00
   7.4364386e+00   7.9828126e+00
   6.6523297e+00   9.0085865e+00
   8.3964506e+00   9.1390794e+00
   8.9834937e+00   9.5491256e+00
   7.8911496e+00   6.7755008e+00
   6.6168857e+00   8.7022706e+00
   8.4459412e+00   7.9331006e+00
   6.0253633e+00   4.4165252e+00
   6.4572290e+00   7.1981437e+00
   6.5032240e+00   7.2350937e+00
   6.4918526e+00   4.0731150e+00
   7.8528701e+00   4.4974506e+00
   8.7304723e+00   4.1373458e+00
   7.0586628e+00   7.1422296e+00
   7.0763943e+00   5.3406171e+00
   8.2772120e+00   6.4742602e+00
   9.1243132e+00   5.7145276e+00
   7.5909945e+00   4.7177579e+00
   7.1793446e+00   5.6363844e+00
   6.4575650e+00   3.0179285e+00
   9.2381453e+00   6.6054375e+00
   6.7964566e+00   4.3905638e+00
   6.6250967e+00   1.0035291e+01
   7.1367825e+00   2.9812257e+00
   8.1536007e+00   6.1102371e+00
   7.8691702e+00   5.7921440e+00
   8.6404301e+00   5.0167033e+00
   9.5516738e+00   4.8953270e+00
   7.7136947e+00   7.3553473e+00
   6.7044991e+00   9.0325881e+00
   9.3763737e+00   7.0995871e+00
   5.3938370e+00   4.8367616e+00
   6.2347929e+00   9.1258595e+00
   8.3576846e+00   5.5878595e+00
   8.7573000e+00   7.8970568e+00
   6.6578114e+00   4.8763863e+00
   6.2432070e+00   5.1944952e+00
   6.7601130e+00   5.5360129e+00
   7.0250705e+00   8.7707219e+00
   8.9564413e+00   1.1765446e+01
   8.2617027e+00   7.7833031e+00
   8.0588076e+00   1.8387385e+00
   8.8421896e+00   1.0373791e+01
   7.2825344e+00  -2.1974833e-01
   6.9500629e+00   3.9092142e+00
   8.1425743e+00   7.3625702e+00
   7.3248543e+00   4.2990361e+00
   7.9749712e+00   4.2537692e+00
   7.1283477e+00   5.9257473e+00
   8.7165066e+00   6.0497235e+00
   8.5508970e+00   8.0303691e+00
   5.1650850e+00   6.7474961e+00
   6.6907727e+00   4.0854602e+00
   8.0641147e+00   9.1292442e+00
   6.4664333e+00   5.4551747e+00
   7.8540582e+00   9.6232138e+00
   6.2367751e+00   4.5070525e+00
   8.8305407e+00   7.2946086e+00
   7.3469052e+00   9.6490134e+00
   8.3616773e+00   7.3052592e+00
   6.7038083e+00   7.2361663e+00
   7.2988190e+00   7.6185439e+00
   6.8315214e+00   7.6036501e+00
   8.9890933e+00   9.2564294e+00
   6.3683358e+00   4.6225643e+00
   6.5657204e+00   6.0733014e+00
   7.4624113e+00   4.3809589e+00
   7.9414821e+00   8.1182266e+00
   6.6340242e+00   5.1447381e+00
   8.0759913e+00   1.1116960e+01
   9.3876847e+00   5.8308545e+00
   7.8464111e+00   8.3305866e+00
   7.3169531e+00   8.7680768e+00
   7.9030252e+00   7.6351795e+00
   8.1415673e+00   1.0085518e+01
   8.8742982e+00   4.9180326e+00
   7.1911903e+00   1.1272241e+00
   7.4296441e+00   2.0009869e+00
   8.7256717e+00   7.1144382e+00
   6.4983567e+00   4.6324641e+00
   5.8083072e+00   6.9858784e+00
   6.4419377e+00   3.8491975e+00
   7.5779997e+00   8.4580026e+00
   5.8984038e+00   2.5805385e+00
   8.3598792e+00   1.2516791e+01
   8.9378795e+00   5.5871050e+00
   6.9309204e+00   3.2081728e+00
   8.2163139e+00   1.1548914e+01
   6.0643244e+00   1.8611443e-01
   7.0903709e+00   4.7544947e+00
   8.3586081e+00   5.8933737e+00
   5.4519098e+00   1.0426813e+01
   7.5651769e+00   7.9302544e+00
   9.6852735e+00   6.5913523e+00
   7.2453597e+00   1.1961396e+01
   6.0803978e+00   7.4997821e+00
   8.6139443e+00   6.8929428e+00
   6.7503357e+00   4.4565879e+00
   8.3222034e+00   4.1745868e+00
   7.5217412e+00   4.7766579e+00
   7.8289277e+00   1.0125180e+01
   8.0438855e+00   6.8081274e+00
   7.8744820e+00   1.1747897e+01
   7.3437061e+00   7.8082605e+00
   5.2527850e+00   3.9549689e+00
   7.9029074e+00   5.6504716e+00
   8.4680343e+00   7.7380925e+00
   5.8793496e+00   5.5055090e+00
   8.3323535e+00   8.0297860e+00
   6.4628786e+00   1.0351468e+00
   7.7932472e+00   5.7026584e+00
   8.0985272e+00   6.6632845e+00
   8.4373318e+00   6.7417677e+00
   6.3334959e+00   6.7127703e+00
   8.6020186e+00   1.0204561e+01
   8.2379370e+00   5.2640929e+00
   5.6541525e+00   1.1546060e+00
   6.9996419e+00   6.9529553e+00
   6.0638156e+00   2.4815075e+00
   7.2271046e+00   8.8622972e+00
   5.2811242e+00   4.3776467e+00
   9.5491399e+00   1.1246547e+01
   7.3768712e+00   9.3134386e+00
   6.1958412e+00   3.4926618e+00
   1.1165946e+01   8.4602068e+00
   6.0844660e+00   8.3153506e+00
   8.4260320e+00   6.4249298e+00
   8.6310398e+00   6.8096058e+00
   6.9905866e+00   5.3229895e+00
   5.7236405e+00   3.9279254e+00
   7.3742579e+00   9.8329409e+00
   6.6096125e+00   8.7658685e+00
   3.8653382e+00   2.0927631e+00
   7.5596512e+00   6.7702926e+00
   7.7796760e+00   8.4748962e+00
   6.4074326e+00   4.6220687e+00
   9.1242167e+00   8.6185872e+00
   7.7953161e+00   9.9609524e+00
   6.8268995e+00   5.6019492e+00
   7.9837570e+00   7.9155463e+00
   7.6748844e+00   4.2223073e+00
   6.1153354e+00   4.7754097e+00
   5.8587495e+00   4.4046222e+00
   6.2449977e+00   7.7002058e+00
   7.4906616e+00   5.2108246e+00
   8.4213510e+00   5.3800878e+00
   7.6026437e+00   1.7692343e+00
   6.8111646e+00   7.2323985e+00
   7.2287772e+00   2.8249317e+00
   7.7238495e+00   4.0192957e+00
   9.6141025e+00   7.6875674e+00
   6.5372776e+00   5.7588909e+00
   6.5832901e+00   5.8250960e+00
   9.8906427e+00   6.4424166e+00
   5.9542119e+00   5.4759578e+00
   6.7147610e+00   6.1509216e+00
   6.5371607e+00   3.9067255e+00
   9.5014052e+00   4.8876488e+00
   9.0854472e+00   9.7516398e+00
   7.8518436e+00   5.9356071e+00
   6.8270779e+00   9.5640957e+00
   7.2357658e+00   1.0255782e+01
   7.7848784e+00   7.2499197e+00
   6.9312452e+00   3.6194374e+00
   6.5142677e+00   3.9197234e+00
   1.0068537e+01   6.8215579e+00
   8.2814392e+00   7.1731346e+00
   8.3775254e+00   9.7561360e+00
   7.1784022e+00   6.8334523e+00
   7.9265163e+00   5.5397267e+00
   7.8236945e+00   7.0278776e+00
   8.9063747e+00   1.2404970e+01
   7.3236714e+00   5.5252728e+00
   6.9973524e+00   7.1036698e+00
   7.0966445e+00   5.2930986e+00
   6.7441666e+00   1.8803722e+00
   5.9444269e+00   5.7152554e+00
   8.1751995e+00   6.1678788e+00
   8.0518790e+00   6.7128076e+00
   5.9605294e+00   3.1442736e+00
   8.8155441e+00   7.7331844e+00
   8.4170117e+00   5.2317930e+00
   6.5547216e+00   2.0551025e+00
   6.2907312e+00   3.7833556e+00
   7.9259847e+00   8.9172333e+00
   8.5092050e+00   6.9459662e+00
   8.2296629e+00   8.4737159e+00
   5.6784859e+00   4.9455477e+00
   9.0565770e+00   1.0772030e+01
   5.7298258e+00   6.6970020e+00
   6.0322125e+00   8.6076731e+00
   6.2030057e+00   7.8497452e+00
   8.1352327e+00   8.2864034e+00
   7.6431072e+00   1.1577177e+01
   9.2928530e+00   4.5225681e+00
   5.9901508e+00   5.2554761e+00
   8.6724566e+00   8.2754306e+00
   9.1072492e+00   8.9985557e+00
   6.6166758e+00   8.3825852e+00
   6.8084719e+00   1.0320666e+01
   7.1919721e+00   5.2989176e+00
   6.1651526e+00   7.1711198e+00
   8.0823870e+00   1.7653808e+00
   5.6088391e+00   1.5107177e+00
   7.9319979e+00   5.1486686e+00
   8.0605105e+00   5.2313713e+00
   8.4304246e+00   6.7952143e+00
   7.5398125e+00   6.9093925e+00
   6.9621145e+00   7.5119447e+00
   8.4890371e+00   1.1119987e+01
   9.2266739e+00   6.1963076e+00
   7.9028055e+00   6.1737276e+00
   8.7982761e+00   5.8509084e+00
   6.8410708e+00   3.0644071e+00
   6.6500651e+00   2.5027386e+00
   9.4548985e+00   1.0601481e+01
   6.8392211e+00   5.4910807e+00
   8.1936718e+00   1.2994468e+00
   9.0132711e+00   4.3574652e+00
   8.2363043e+00   8.6898447e+00
   8.4317183e+00   1.0112035e+01
   6.6818687e+00   6.8801885e+00
   7.5573219e+00   3.5819238e+00
   7.5227814e+00   6.5616374e+00
   6.3536808e+00   5.3882363e+00
   8.1454824e+00   5.5946363e+00
   6.5589382e+00   6.4374200e+00
   1.0130707e+01   9.6694941e+00
   7.7057919e+00   9.2323721e+00
   6.9422362e+00   4.2118349e+00
   6.7781724e+00   6.3254291e+00
   8.3297092e+00   4.3079968e+00
   6.5846027e+00   6.3449575e+00
   7.3817987e+00   7.4494816e+00
   7.8838090e+00   5.5276609e+00
   7.4438492e+00   3.8714172e+00
   8.1510814e+00   3.5036037e+00
   8.7402530e+00   8.1439988e+00
   8.5655483e+00   9.5313598e+00
   6.6650557e+00   7.0940661e+00
   6.4038528e+00   3.4253141e+00
   7.8424424e+00   6.9574247e+00
   6.7721897e+00   3.5309739e+00
   7.9832910e+00   8.1233764e+00
   7.7422924e+00   7.7078763e+00
   9.9150129e+00   8.1833774e+00
   9.2209523e+00   8.5808262e+00
   9.0164998e+00   6.7031692e+00
   8.7298822e+00   9.7315116e+00
   7.0060088e+00   8.7299045e+00
   6.8195424e+00   7.3689069e+00
   5.3241881e+00   8.8647045e+00
   7.3136879e+00   1.1209572e+01
   8.9801281e+00   9.6033550e+00
   6.8159947e+00   3.4734420e+00
   7.6183404e+00   8.8797904e+00
   9.3779925e+00   7.5013953e+00
   7.6365553e+00   6.4720577e+00
   6.0271149e+00   9.9050309e+00
   8.8720902e+00   4.1525603e+00
   6.3687061e+00   3.5860687e+00
   8.3389636e+00   8.9520505e+00
   6.3908362e+00   6.2088018e+00
   8.5041688e+00   1.1203377e+01
   5.8815182e+00   6.9845815e+00
   7.2409989e+00   4.9289253e+00
   8.4705363e+00   4.0522850e+00
   8.9051457e+00   1.1766463e+01
   4.7585896e+00   4.2729034e+00
   7.6729211e+00   7.2490397e+00
   6.1885451e+00   7.6166867e+00
   8.3712186e+00   5.3597630e+00
   7.5928013e+00   9.5681499e+00
   5.9245723e+00   3.9548166e+00
   9.2965072e+00   5.8652098e+00
   6.8060326e+00   6.7902495e+00
   6.5278063e+00   4.2861362e+00
   7.2849290e+00   3.4863355e+00
   8.9381004e+00   6.3837676e+00
   8.2674349e+00   5.9590255e+00
   8.9736751e+00   7.2255944e+00
   8.1656814e+00   8.9805799e+00
   7.4202702e+00   5.9214459e+00
   7.7834735e+00   1.0919601e+01
   9.7535960e+00   7.1124426e+00
   7.9852480e+00   7.5043180e+00
   7.6084699e+00   4.8629612e+00
   8.3742024e+00   8.5118722e+00
   9.6242285e+00   6.2592167e+00
   7.9450715e+00   7.7219618e+00
   8.6829811e+00   6.4536297e+00
   7.6097960e+00   1.0284181e+01
   9.5760444e+00   9.5610232e+00
   7.0418968e+00   7.7062377e+00
   7.1329042e+00   7.0964783e+00
   8.0437102e+00   7.8363076e+00
   6.2946113e+00   6.1198120e+00
   7.1695511e+00   1.0725701e+01
   6.4715634e+00   5.0879409e+00
   6.5843646e+00   2.4000385e+00
   7.2332950e+00   9.0841621e+00
   9.2654942e+00   7.3938248e+00
   8.4982771e+00   7.8082357e+00
   6.3691843e+00   6.6385876e+00
   7.4254075e+00   6.6543588e+00
   8.1497536e+00   7.0913936e+00
   7.0162641e+00   4.6893836e+00
   6.7705679e+00   9.4304698e+00
   7.4310750e+00   9.5646564e+00
   7.2813772e+00   9.2488110e+00
   7.1916493e+00   9.2117967e+00
   7.6788807e+00   8.5964417e+00
   6.6038846e+00   7.3658242e+00
   6.5384905e+00   5.3248038e+00
   8.8910512e+00   6.1990196e+00
   7.8988126e+00   9.9819682e+00
   7.9613638e+00   3.9139960e+00
   6.1161078e+00   3.6268848e+00
   6.4753753e+00   7.2836745e+00
   9.1123593e+00   5.8865944e+00
   8.1591783e+00   8.6853356e+00
   6.7209694e+00   5.7539349e+00
   7.8094558e+00   4.5513161e+00
   8.7657768e+00   7.2657460e+00
   7.5228693e+00   3.7939446e+00
   6.6777644e+00   3.6534365e+00
   4.4274377e+00   1.7366120e+00
   6.2361260e+00   1.8205884e+00
   8.0760834e+00   9.1384654e+00
   7.1224125e+00   8.1824827e+00
   8.2942737e+00   7.7770816e+00
   5.6413773e+00   7.5227266e+00
   8.4469508e+00   8.4202109e+00
   7.1864491e+00   5.8494134e+00
   7.6395825e+00   6.1090084e+00
   7.7293225e+00   7.8583776e+00
   8.5579414e+00   5.9282987e+00
   6.9166732e+00   8.6393409e+00
   8.2558858e+00   7.2045030e+00
   6.2472652e+00   4.3420661e+00
   7.9633709e+00   5.2660513e+00
   6.9620648e+00   7.4560555e+00
   7.3536159e+00   8.5145229e+00
   7.9649810e+00   5.7694254e+00
   5.8016669e+00   4.2204029e+00
   8.7586728e+00   1.0781062e+01
   7.5849289e+00   6.5522039e+00
   7.5892071e+00   3.4115551e+00
   9.2003779e+00   9.7539464e+00
   5.9527851e+00   4.0937795e+00
   9.7735732e+00   1.0831812e+01
   7.6332594e+00   7.9871256e-01
   6.9422493e+00   6.1219972e+00
   7.4026190e+00   6.5882024e+00
   9.1651578e+00   8.2991037e+00
   6.3858941e+00   5.9711215e+00
   7.9737119e+00   7.1531849e+00
   5.9044368e+00   3.5272859e+00
   7.3115548e+00   4.2652594e+00
   7.5827057e+00   1.1100737e+01
   7.7232825e+00   5.0703790e+00
   7.8732471e+00   2.9959685e+00
   7.6298021e+00   2.3808767e+00
   6.4987916e+00   5.6535717e+00
   5.1918546e+00   2.3217580e+00
   9.5282136e+00   1.1013366e+01
   7.9058119e+00   7.9865561e+00
   8.2399853e+00   6.2233777e+00
   7.5001521e+00   6.1293638e+00
   9.0378472e+00   1.0206945e+01
   8.2697042e+00   7.4568317e+00
   7.7187848e+00   7.6221964e+00
   6.5460509e+00   6.9031984e+00
   5.6479534e+00  -3.8328206e-02
   1.1169665e+01   7.4668264e+00
   5.5143562e+00   2.5249162e+00
   8.0547450e+00   8.0664773e+00
   7.6837330e+00   1.1931698e+01
   8.3062251e+00   8.6847831e+00
   8.4346721e+00   5.8027777e+00
   7.3691040e+00   8.2510848e+00
   7.5358486e+00   2.3488844e+00
   6.8313258e+00   7.3252282e+00
   7.0984787e+00   4.7842712e+00
   7.8953124e+00   7.4085906e+00
   8.3561690e+00   7.9268123e+00
   7.8774912e+00   1.0209118e+01
   7.3416852e+00   9.8401699e+00
   7.0480642e+00   4.8286652e+00
   8.3562180e+00   9.1792764e+00
   8.1104290e+00   8.4092191e+00
   6.6541886e+00  -1.0073946e+00
   7.6524487e+00  -4.0656200e+00
   1.0682880e+01  -1.0485614e+01
   9.4670408e+00  -6.9008993e+00
   8.9678919e+00  -4.1846953e+00
   8.5881421e+00  -3.3648740e+00
   1.0224409e+01  -8.1892681e+00
   9.3394442e+00  -8.1414190e+00
   5.8222171e+00  -2.2189324e-01
   8.6510678e+00  -4.9214985e+00
   8.9650835e+00  -6.3994170e+00
   1.0433641e+01  -5.2746468e+00
   8.5388131e+00  -7.3059610e+00
   1.0151959e+01  -7.6044173e+00
   7.8519832e+00  -7.5285500e+00
   1.0661513e+01  -4.7496558e+00
   9.1504930e+00  -6.0677281e+00
   9.2674922e+00  -7.2720689e+00
   7.7559355e+00  -3.4919579e+00
   8.6801600e+00  -8.5714692e+00
   1.1354003e+01  -7.7679010e+00
   1.0916929e+01  -6.4426655e+00
   5.4098283e+00  -3.4328353e+00
   1.0213277e+01  -7.0370737e+00
   7.4806188e+00  -6.6220461e+00
   7.0640922e+00  -5.1411955e+00
   9.8024818e+00  -7.1025675e+00
   1.4057657e+01  -1.1489991e+01
   8.7952808e+00  -3.9862612e+00
   9.8767394e+00  -6.2865500e+00
   9.1720172e+00  -5.4127004e+00
   9.2023206e+00  -6.1119780e+00
   9.5762178e+00  -7.5862953e+00
   9.6441764e+00  -7.5894835e+00
   9.1799960e+00  -5.7869923e+00
   6.4930536e+00  -3.2872177e+00
   8.7604878e+00  -6.9885999e+00
   7.5879787e+00  -3.2595038e+00
   8.4643484e+00  -5.4895732e+00
   7.1450012e+00  -1.8790098e+00
   4.9112658e+00  -2.7385185e+00
   6.0706363e+00  -3.1286033e+00
   6.8466702e+00  -5.9690919e+00
   7.0268935e+00  -3.6497380e+00
   9.1408746e+00  -6.4669801e+00
   1.2492173e+01  -9.7595209e+00
   8.1797174e+00  -5.6879166e+00
   5.8221133e+00  -3.4704527e+00
   6.9473498e+00  -5.0544890e+00
   7.6291848e+00  -5.3346307e+00
   1.0192185e+01  -6.9201887e+00
   9.5143859e+00  -7.6351353e+00
   1.0453525e+01  -6.5378133e+00
   8.8448042e+00  -6.4624354e+00
   1.0284140e+01  -8.0513696e+00
   8.5098158e+00  -5.8095522e+00
   1.0419838e+01  -6.7689668e+00
   1.0283779e+01  -6.0406587e+00
   1.0728466e+01  -6.9631122e+00
   1.0613169e+01  -1.0016791e+01
   1.1242527e+01  -7.7396206e+00
   1.0626327e+01  -8.2490169e+00
   8.7907164e+00  -7.6819082e-01
   5.8577865e+00  -1.2052051e+00
   7.7201655e+00  -5.2715663e+00
   9.2200917e+00  -5.2029886e+00
   1.0665926e+01  -6.5196250e+00
   1.1073303e+01  -8.4923885e+00
   1.1064214e+01  -9.6668558e+00
   6.7067945e+00  -2.6345132e+00
   1.1265908e+01  -9.4252597e+00
   9.8047365e+00  -6.5895101e+00
   8.8304681e+00  -4.5262875e+00
   1.0687593e+01  -7.9216280e+00
   9.1322609e+00  -4.4997966e+00
   1.1183388e+01  -8.4846313e+00
   6.8728697e+00  -3.9627713e+00
   9.8177527e+00  -9.4523529e+00
   1.0442863e+01  -5.8615623e+00
   1.1068241e+01  -9.1124433e+00
   9.3308882e+00  -6.9794654e+00
   9.4079125e+00  -5.7980972e+00
   8.1001470e+00  -6.4178436e+00
   1.0136809e+01  -5.9117072e+00
   5.0906257e+00  -2.3303919e+00
   6.2619200e+00  -4.7324443e+00
   8.0697980e+00  -4.3864945e+00
   1.1234122e+01  -5.6812424e+00
   9.8100081e+00  -5.8283555e+00
   9.6947614e+00  -7.2642468e+00
   9.8655081e+00  -8.1023138e+00
   8.7277760e+00  -4.0038831e+00
   6.9661378e+00  -3.8596753e+00
   8.1882625e+00  -2.5863760e+00
   1.1495317e+01  -7.6922129e+00
   1.0511801e+01  -8.2161128e+00
   1.0606944e+01  -5.7393113e+00
   8.8438510e+00  -6.8257886e+00
   5.8264585e+00  -5.1334818e+00
   1.0312982e+01  -8.5762764e+00
   6.7968815e+00  -6.3782347e+00
   7.7250986e+00  -3.4281085e+00
   9.1547501e+00  -3.9230990e+00
   8.6020525e+00  -6.6243035e+00
   1.0648190e+01  -8.1392270e+00
   7.7538051e+00  -5.2486678e+00
   8.8276463e+00  -8.6935246e+00
   9.0650577e+00  -5.0168519e+00
   9.0707002e+00  -8.2246483e+00
   8.9553469e+00  -4.7666333e+00
   7.9811362e+00  -2.4359501e+00
   1.0207251e+01  -5.8202017e+00
   1.0965503e+01  -6.6860819e+00
   9.5052826e+00  -6.5752349e+00
   7.9284516e+00  -2.5937717e+00
   1.0240758e+01  -6.8189047e+00
   7.0694626e+00  -4.6110232e+00
   7.6880864e+00  -3.3974538e+00
   7.7476138e+00  -3.4616968e+00
   7.6555920e+00  -5.7984875e+00
   9.4006391e+00  -8.1987179e+00
   1.0510330e+01  -1.0219306e+01
   8.4532542e+00  -4.6397635e+00
   8.4316795e+00  -6.0195349e+00
   9.9899404e+00  -7.5706831e+00
   1.1050959e+01  -9.8285901e+00
   9.0722754e+00  -7.5115652e+00
   8.5701436e+00  -6.0043414e+00
   7.5860197e+00  -6.5174299e+00
   1.1217885e+01  -9.3910195e+00
   8.0515991e+00  -6.1696576e+00
   7.9716010e+00  -1.6154533e+00
   8.4507954e+00  -7.9006764e+00
   9.8234699e+00  -7.5955659e+00
   9.4531585e+00  -7.2651471e+00
   1.0417131e+01  -9.3833806e+00
   1.1575552e+01  -1.1292983e+01
   9.2933303e+00  -5.7883129e+00
   8.0482156e+00  -2.5221810e+00
   1.1406175e+01  -9.2982140e+00
   6.2748741e+00  -3.0367828e+00
   7.4518530e+00  -1.5149504e+00
   1.0070771e+01  -8.3927613e+00
   1.0636707e+01  -7.4673376e+00
   7.8868051e+00  -5.5303690e+00
   7.3661836e+00  -4.4653578e+00
   8.0333638e+00  -5.2423663e+00
   8.4503692e+00  -3.3575141e+00
   1.0985366e+01  -4.9782460e+00
   1.0002270e+01  -6.5629065e+00
   9.5979213e+00  -1.0593761e+01
   1.0805628e+01  -5.7886387e+00
   8.5580741e+00  -1.0580216e+01
   8.2355711e+00  -6.8354740e+00
   9.8401226e+00  -6.6390554e+00
   8.7228079e+00  -7.2927473e+00
   9.5502844e+00  -8.6242936e+00
   8.5122419e+00  -5.6866164e+00
   1.0539421e+01  -8.7643984e+00
   1.0376911e+01  -6.9558358e+00
   6.0301747e+00  -1.1543432e+00
   7.9094222e+00  -6.1863612e+00
   9.7834415e+00  -5.1641296e+00
   7.6570814e+00  -4.7164429e+00
   9.5278321e+00  -4.3762097e+00
   7.3411306e+00  -4.9654928e+00
   1.0715282e+01  -8.0630920e+00
   8.8820886e+00  -3.3445756e+00
   1.0117968e+01  -7.1191963e+00
   8.0032886e+00  -3.8613043e+00
   8.7710166e+00  -4.7637359e+00
   8.1750718e+00  -3.8420272e+00
   1.0965463e+01  -6.9156716e+00
   7.5116395e+00  -5.1419196e+00
   7.7987806e+00  -4.4533900e+00
   8.9001355e+00  -7.5062082e+00
   9.6023547e+00  -5.6737578e+00
   7.8630676e+00  -5.2826388e+00
   9.8473153e+00  -3.7045907e+00
   1.1389483e+01  -1.0267530e+01
   9.4863918e+00  -5.3255119e+00
   8.8223143e+00  -3.9421459e+00
   9.5414969e+00  -5.9574430e+00
   9.9056032e+00  -4.6051628e+00
   1.0712781e+01  -9.9238586e+00
   8.4746808e+00  -9.3927544e+00
   8.8000186e+00  -9.2167497e+00
   1.0577207e+01  -7.9881963e+00
   7.6775964e+00  -5.3940810e+00
   6.8558186e+00  -2.2604654e+00
   7.5864843e+00  -5.8659359e+00
   9.1474204e+00  -4.6946284e+00
   6.8626337e+00  -5.7276118e+00
   1.0243459e+01  -3.2267259e+00
   1.0810222e+01  -9.5515136e+00
   8.1939848e+00  -7.3203836e+00
   1.0036750e+01  -3.6623763e+00
   7.0153937e+00  -7.8455595e+00
   8.4351218e+00  -6.4848037e+00
   1.0079438e+01  -8.1666281e+00
   6.4859518e+00   1.0186269e+00
   9.1181377e+00  -5.0628409e+00
   1.1787413e+01  -1.0294090e+01
   8.8093644e+00  -1.4163544e+00
   7.2152036e+00  -2.4201360e+00
   1.0429378e+01  -7.9304467e+00
   7.9944361e+00  -6.0283232e+00
   9.9908970e+00  -9.3765275e+00
   8.9854548e+00  -7.3293696e+00
   9.5081106e+00  -3.9514735e+00
   9.7007474e+00  -6.8557812e+00
   9.6059579e+00  -2.8315268e+00
   8.8328778e+00  -4.7117721e+00
   6.0734799e+00  -3.4132136e+00
   9.4926836e+00  -7.4382106e+00
   1.0264135e+01  -7.0085236e+00
   6.9100663e+00  -3.5069426e+00
   1.0098359e+01  -6.5200129e+00
   7.5441760e+00  -8.0076023e+00
   9.3541990e+00  -7.1803638e+00
   9.7668379e+00  -7.0729401e+00
   1.0200575e+01  -7.6906994e+00
   7.5184852e+00  -3.5126458e+00
   1.0495376e+01  -5.4354882e+00
   9.9102115e+00  -8.3953174e+00
   6.5163683e+00  -6.3040764e+00
   8.3733902e+00  -4.6631834e+00
   7.0710259e+00  -6.1317055e+00
   8.7101109e+00  -3.6924819e+00
   6.1199625e+00  -3.1543796e+00
   1.1728049e+01  -6.5486014e+00
   8.9120529e+00  -3.6548022e+00
   7.2640876e+00  -5.6407256e+00
   1.3720380e+01  -1.1855266e+01
   7.2403856e+00  -1.8196741e+00
   1.0178405e+01  -7.9045695e+00
   1.0449123e+01  -8.0267594e+00
   8.3218837e+00  -5.8613987e+00
   6.6729311e+00  -4.3733188e+00
   8.9214599e+00  -3.2619294e+00
   7.9207411e+00  -2.5317956e+00
   4.2594930e+00  -2.0331735e+00
   9.0826539e+00  -5.9173819e+00
   9.4048750e+00  -5.0846101e+00
   7.5614570e+00  -5.2203348e+00
   1.1122041e+01  -7.6613682e+00
   9.4612453e+00  -4.0069256e+00
   8.1201013e+00  -5.3264839e+00
   9.6512654e+00  -5.9093886e+00
   9.1670466e+00  -8.0487354e+00
   7.1929333e+00  -4.5228242e+00
   6.8568183e+00  -4.2873098e+00
   7.4299035e+00  -2.5991538e+00
   8.9564887e+00  -6.9433502e+00
   1.0146820e+01  -8.6748935e+00
   9.0148274e+00  -9.7350280e+00
   8.1400239e+00  -4.0784213e+00
   8.5642121e+00  -8.2009444e+00
   9.2244759e+00  -8.2979685e+00
   1.1723582e+01  -9.3340150e+00
   7.7548207e+00  -4.6312276e+00
   7.8150878e+00  -4.6736755e+00
   1.2045508e+01  -1.0815187e+01
   7.0047551e+00  -3.6784345e+00
   7.9906388e+00  -4.6929852e+00
   7.7092584e+00  -6.0130929e+00
   1.1511296e+01  -1.1198367e+01
   1.1100410e+01  -6.7384846e+00
   9.4345930e+00  -7.1235065e+00
   8.2174766e+00  -2.3702589e+00
   8.7553167e+00  -2.6699436e+00
   9.3814703e+00  -6.0090809e+00
   8.2044825e+00  -7.0141435e+00
   7.6803995e+00  -5.9576946e+00
   1.2281534e+01  -1.0887383e+01
   1.0012464e+01  -7.0576166e+00
   1.0198260e+01  -5.3219711e+00
   8.5982934e+00  -5.1091999e+00
   9.5200581e+00  -7.5679773e+00
   9.4254979e+00  -6.2522553e+00
   1.0937236e+01  -4.4010856e+00
   8.7513665e+00  -6.3753599e+00
   8.3741675e+00  -4.5461488e+00
   8.4563237e+00  -6.0954171e+00
   7.9234070e+00  -7.9383982e+00
   6.9981512e+00  -3.4803361e+00
   9.8524114e+00  -7.5956691e+00
   9.7085982e+00  -6.9428662e+00
   6.9556362e+00  -5.4309644e+00
   1.0706923e+01  -7.7058875e+00
   1.0137654e+01  -8.7768899e+00
   7.6862400e+00  -7.4298419e+00
   7.3921543e+00  -5.6132280e+00
   9.6021938e+00  -5.0465974e+00
   1.0297186e+01  -7.6817989e+00
   9.9783629e+00  -5.9837577e+00
   6.6403318e+00  -3.5238239e+00
   1.1088633e+01  -5.9194317e+00
   6.7487095e+00  -2.3193618e+00
   7.1809550e+00  -1.4972322e+00
   7.3800505e+00  -2.4037419e+00
   9.8534171e+00  -5.9350295e+00
   9.3068804e+00  -2.4970471e+00
   1.1236541e+01  -1.1054479e+01
   7.0451539e+00  -3.9147009e+00
   1.0537850e+01  -7.0156273e+00
   1.1109732e+01  -7.3439624e+00
   7.9203457e+00  -2.8319041e+00
   8.2123133e+00  -1.7685598e+00
   8.5779631e+00  -6.2813685e+00
   7.3151668e+00  -2.8345742e+00
   9.6261749e+00  -1.0695570e+01
   6.4673469e+00  -5.9478883e+00
   9.5174562e+00  -7.8707299e+00
   9.6832757e+00  -8.0655544e+00
   1.0193082e+01  -7.6370290e+00
   9.0607797e+00  -5.7739824e+00
   8.3392666e+00  -4.1711492e+00
   1.0373824e+01  -4.5268563e+00
   1.1193232e+01  -9.6734156e+00
   9.5053834e+00  -7.0475498e+00
   1.0638763e+01  -9.0759843e+00
   8.0759448e+00  -7.2483042e+00
   7.8187327e+00  -7.2861381e+00
   1.1592120e+01  -6.8418284e+00
   8.1330869e+00  -5.4338111e+00
   9.7565853e+00  -1.1265401e+01
   1.0876160e+01  -1.0619576e+01
   9.9921267e+00  -5.8357384e+00
   1.0276056e+01  -5.1645774e+00
   7.9665979e+00  -4.0831414e+00
   9.0015093e+00  -8.2919148e+00
   9.0305467e+00  -5.9994822e+00
   7.5117349e+00  -4.5413154e+00
   9.8004810e+00  -7.9641051e+00
   7.7990644e+00  -4.1681435e+00
   1.2430600e+01  -8.8863380e+00
   9.3292809e+00  -4.3718883e+00
   8.2330158e+00  -6.5940326e+00
   8.0757366e+00  -4.6893488e+00
   1.0003734e+01  -9.2919592e+00
   7.8295072e+00  -4.2883714e+00
   8.8726305e+00  -5.0555360e+00
   9.4653311e+00  -7.4917284e+00
   8.8639843e+00  -7.8493779e+00
   9.7563468e+00  -9.5356247e+00
   1.0621035e+01  -7.2490384e+00
   1.0432388e+01  -5.8650332e+00
   7.9504135e+00  -3.8899823e+00
   7.5275512e+00  -6.1062153e+00
   9.4476650e+00  -6.3422524e+00
   7.9995942e+00  -6.7626477e+00
   9.6557672e+00  -5.7533742e+00
   9.3384223e+00  -5.5823402e+00
   1.2119255e+01  -9.5647176e+00
   1.1244406e+01  -7.8826499e+00
   1.0937789e+01  -8.8756410e+00
   1.0646742e+01  -6.0437232e+00
   8.4250740e+00  -3.3499214e+00
   8.1540486e+00  -3.9932815e+00
   6.2848666e+00   1.0792955e-01
   8.8780159e+00  -2.1137673e+00
   1.0962543e+01  -6.6388971e+00
   8.0540139e+00  -6.8930224e+00
   9.2091774e+00  -4.4604160e+00
   1.1418091e+01  -9.0016135e+00
   9.1733572e+00  -6.2934433e+00
   7.2062680e+00  -5.1895903e-01
   1.0691198e+01  -1.0490651e+01
   7.4866975e+00  -5.9160990e+00
   1.0129397e+01  -5.8450079e+00
   7.5792097e+00  -4.0031737e+00
   1.0395155e+01  -4.4948365e+00
   6.9490956e+00  -2.4075775e+00
   8.6313769e+00  -6.6553269e+00
   1.0176951e+01  -9.7638930e+00
   1.0920014e+01  -4.8750904e+00
   5.4514140e+00  -2.1894526e+00
   9.2387570e+00  -5.7862478e+00
   7.3559058e+00  -2.5487854e+00
   1.0082427e+01  -8.5899854e+00
   9.1935052e+00  -3.8957761e+00
   6.9296819e+00  -4.7543537e+00
   1.1274118e+01  -1.0059885e+01
   8.1226419e+00  -4.3981112e+00
   7.7066387e+00  -5.7113006e+00
   8.6519957e+00  -7.8194910e+00
   1.0830037e+01  -8.9574795e+00
   9.9648463e+00  -7.9356378e+00
   1.0896018e+01  -8.4003169e+00
   9.9092451e+00  -5.4778120e+00
   8.8841972e+00  -6.2725638e+00
   9.4696568e+00  -3.2679351e+00
   1.1887268e+01  -1.0041635e+01
   9.6430828e+00  -6.2192264e+00
   9.0981083e+00  -7.4380980e+00
   1.0163517e+01  -6.2438160e+00
   1.1701466e+01  -1.0420074e+01
   9.5972135e+00  -5.9766185e+00
   1.0506595e+01  -8.3960767e+00
   9.2327216e+00  -3.3953933e+00
   1.1721012e+01  -7.8600575e+00
   8.4457145e+00  -4.1854282e+00
   8.5467544e+00  -4.8221045e+00
   9.7257340e+00  -6.0881961e+00
   7.4543873e+00  -3.8774936e+00
   8.6824468e+00  -2.1871087e+00
   7.6546156e+00  -5.0007160e+00
   7.7324781e+00  -7.2316218e+00
   8.7234406e+00  -3.5392820e+00
   1.1272072e+01  -8.8573135e+00
   1.0304400e+01  -7.0165532e+00
   7.5621519e+00  -3.6392428e+00
   8.9087152e+00  -5.7359143e+00
   9.8426237e+00  -6.8557406e+00
   8.3390748e+00  -6.3854576e+00
   8.1421773e+00  -2.3571659e+00
   8.9872963e+00  -3.5755438e+00
   8.7887593e+00  -3.5124020e+00
   8.6734918e+00  -3.3609067e+00
   9.2793896e+00  -4.7927036e+00
   7.8791131e+00  -3.5650843e+00
   7.7457232e+00  -4.9575677e+00
   1.0765542e+01  -9.0014197e+00
   9.5936688e+00  -4.1978438e+00
   9.5246106e+00  -8.8506716e+00
   7.1657569e+00  -5.3814032e+00
   7.7133113e+00  -3.3698538e+00
   1.1039942e+01  -9.6763302e+00
   9.8937176e+00  -5.6851437e+00
   7.9888178e+00  -5.0016127e+00
   9.3466274e+00  -8.0718591e+00
   1.0632032e+01  -7.9553475e+00
   8.9627974e+00  -8.0649289e+00
   7.8822501e+00  -6.4827731e+00
   4.9671671e+00  -3.4210030e+00
   7.2744337e+00  -6.9688551e+00
   9.7989220e+00  -5.1811407e+00
   8.5600104e+00  -3.9907771e+00
   1.0043630e+01  -6.6325676e+00
   6.6562263e+00  -1.5266390e+00
   1.0253989e+01  -6.4574351e+00
   8.5844216e+00  -5.8595598e+00
   9.1683137e+00  -6.5703961e+00
   9.3255821e+00  -5.4441445e+00
   1.0334349e+01  -8.5384774e+00
   8.3089935e+00  -3.2391681e+00
   9.9806646e+00  -6.9831994e+00
   7.3504552e+00  -5.1095474e+00
   9.5603198e+00  -7.8457652e+00
   8.3378329e+00  -4.2127548e+00
   8.8628248e+00  -4.2045361e+00
   9.5747141e+00  -7.4733580e+00
   6.7795486e+00  -4.3108268e+00
   1.0709170e+01  -5.3180135e+00
   9.1095234e+00  -6.1305807e+00
   9.0379704e+00  -8.4826947e+00
   1.1246948e+01  -6.9661888e+00
   6.9690469e+00  -4.7069772e+00
   1.2003924e+01  -7.3060948e+00
   9.0300514e+00  -1.0520353e+01
   8.2798679e+00  -5.1686826e+00
   8.8780487e+00  -5.7397902e+00
   1.1166388e+01  -7.9814959e+00
   7.5670832e+00  -4.1706669e+00
   9.6197703e+00  -6.4582159e+00
   6.8935361e+00  -5.0331854e+00
   8.7050292e+00  -7.2914032e+00
   9.2182157e+00  -2.7319961e+00
   9.2495248e+00  -7.5125111e+00
   9.3897950e+00  -9.3598110e+00
   9.0644383e+00  -9.3328301e+00
   7.7031873e+00  -4.6329916e+00
   5.9557782e+00  -4.5102972e+00
   1.1695660e+01  -6.6808293e+00
   9.5536640e+00  -5.7008061e+00
   9.9363428e+00  -7.6835812e+00
   8.9911062e+00  -6.2768749e+00
   1.1050906e+01  -6.3037130e+00
   1.0004463e+01  -6.8224944e+00
   9.3063606e+00  -5.5993491e+00
   7.7940597e+00  -3.7948508e+00
   6.4792177e+00  -7.1818774e+00
   1.3700763e+01  -1.2603958e+01
   6.3717939e+00  -5.0024792e+00
   9.7454417e+00  -5.9384698e+00
   9.3673513e+00  -2.3135987e+00
   1.0081118e+01  -5.9790918e+00
   1.0174162e+01  -8.3860711e+00
   8.8761054e+00  -4.4320329e+00
   8.9439083e+00  -9.1691522e+00
   8.1679958e+00  -4.0493969e+00
   8.4461854e+00  -6.4787690e+00
   9.5261109e+00  -6.1111287e+00
   1.0126188e+01  -6.6443932e+00
   9.5720638e+00  -3.9857812e+00
   8.8801226e+00  -3.1915131e+00
   8.3830197e+00  -6.3450042e+00
   1.0156959e+01  -5.7098937e+00
   9.8248157e+00  -5.7938702e+00

