0.72436 0.78186 0.49433
0.044014 0.87015 0.06837
0.95668 0.19289 1.4153
0.16872 0.75453 0.60881
0.53593 0.56674 1.0193
0.6754 0.25349 0.43671
0.91077 0.72117 0.63246
0.76619 0.59632 1.1515
0.21507 0.37522 0.49402
0.92806 0.26603 1.2305
0.41239 0.32232 0.15515
0.85521 0.24672 0.97913
0.43579 0.76243 0.71511
0.72413 0.17773 0.50621
0.98719 0.89054 0.77774
0.11839 0.11971 0.52941
0.38695 0.74261 0.91188
0.4641 0.28296 0.81178
0.75206 0.98323 0.84837
0.21878 0.26846 0.13939
0.64457 0.4474 1.1284
0.26646 0.66919 -0.044828
0.57009 0.45348 1.0677
0.55452 0.41852 0.85963
0.67211 0.49102 0.40317
0.33494 0.67765 0.64896
0.025545 0.17662 0.044599
0.47048 0.9853 0.41992
0.26884 0.25082 0.89175
0.6632 0.67737 1.1948
0.35066 0.057445 0.33808
0.98506 0.41058 1.5029
0.53833 0.53365 0.6624
0.13795 0.67815 -0.17964
0.85397 0.63636 0.82003
0.4924 0.39016 0.87423
0.39934 0.11446 0.1987
0.93746 0.39727 1.2889
0.6353 0.87989 1.0961
0.74526 0.22684 0.84503
0.99111 0.57484 0.77144
0.56513 0.93965 0.9675
0.6951 0.99913 0.28481
0.50215 0.3434 0.35225
0.67382 0.68729 0.25018
0.057849 0.59857 0.10651
0.27602 0.010196 0.38415
0.029572 0.26317 -0.0091937
0.96572 0.54444 1.1799
0.69954 0.68252 0.70031
0.38267 0.090691 0.93744
0.87207 0.31591 0.6198
0.073878 0.36197 0.00059307
0.034725 0.65603 -0.086311
0.97786 0.072077 1.0748
0.21927 0.13742 0.25578
0.8332 0.033517 0.88249
0.37882 0.19727 0.4187
0.89173 0.89382 0.72712
0.39308 0.2751 0.39647
0.075987 0.32465 -0.082519
0.22773 0.03691 0.21051
0.84962 0.077543 0.94296
0.022542 0.56791 0.11273
0.79211 0.13333 0.95347
0.46128 0.027754 0.2955
0.59932 0.067348 0.68398
0.60997 0.75826 0.64086
0.282 0.97783 0.25023
0.71692 0.62288 1.1008
0.18958 0.7782 0.46294
0.2392 0.7224 0.74841
0.57679 0.10172 0.93177
0.29168 0.56005 0.62443
0.54247 0.092186 1.0729
0.75385 0.68251 0.30395
0.062297 0.010895 0.59737
0.39848 0.91864 0.71745
0.82775 0.31858 0.55848
0.34199 0.11685 0.69777
0.37709 0.33638 0.23681
0.88561 0.60085 1.3906
0.27305 0.34962 0.53919
0.38168 0.37868 0.10179
0.66632 0.20393 0.98747
0.8419 0.90083 0.38057
0.17427 0.38338 0.36416
0.18465 0.22247 0.32415
0.29286 0.13715 0.88881
0.64171 0.28986 0.45632
0.029135 0.79708 -0.32265
0.081518 0.76662 0.40683
0.018298 0.82328 0.33862
0.90986 0.15305 1.2616
0.90773 0.89827 1.0342
0.99449 0.70325 1.4203
0.62787 0.29334 1.2664
0.83573 0.00389 1.2716
0.015385 0.59825 0.35894
0.92828 0.83837 0.78474
