0.9682 -0.8894
0.21312 -0.69707
0.56763 -0.95508
0.67112 -0.56467
0.0068762 0.055855
0.64681 -1.1658
0.47352 -1.002
0.92508 -0.83416
0.6204 -0.60366
0.66563 -0.97916
0.96568 -0.94146
0.85695 -1.2447
0.025657 -0.83595
0.773 -0.63423
0.22615 -0.85415
0.30207 -0.2494
0.84318 -1.1374
0.20809 -0.64872
0.078475 -0.88152
0.12274 -0.45135
0.95665 -0.53202
0.49195 -0.60876
0.27666 -0.19388
0.84751 -0.44788
0.98236 -0.85554
0.84608 -0.89891
0.4471 -1.0354
0.062214 -0.70609
0.36098 -0.52037
0.11271 -0.87188
0.58244 -0.97814
0.41476 -0.93895
0.2707 -0.26441
0.38818 -0.6722
0.015649 -0.84405
0.75512 -0.34661
0.26462 -0.38801
0.56112 -0.17081
0.50534 -0.61082
0.16878 -0.0052189
0.56991 -0.90804
0.2416 -0.70607
0.17783 -0.64932
0.17092 -0.52116
0.5129 -0.61467
0.62512 -0.20493
0.59174 -0.22497
0.7991 -0.75985
0.89043 -0.42801
0.51335 -0.29136
0.20057 -0.16634
0.72177 -0.27882
0.87045 -0.89733
0.16589 -0.3364
0.06267 -0.03244
0.36319 -0.4284
0.85939 -0.98062
0.38681 -1.0651
0.84154 -0.94114
0.9827 -0.94154
0.63341 -0.7893
0.30706 -0.33411
0.95664 -1.2799
0.75355 -0.83884
0.20203 -0.17042
0.81634 -0.61665
0.69672 -0.97208
0.4903 -0.60052
0.23113 -0.98483
0.11746 -0.73064
0.78456 -1.0586
0.2844 -0.49089
0.79981 -0.97162
0.30957 -0.52649
0.34572 -1.0069
0.81129 -1.1512
0.69049 -0.31924
0.59608 -0.93171
0.2386 -0.68543
0.41513 -0.41351
0.31678 -0.12466
0.48083 -0.3365
0.17719 -0.31392
0.62998 -0.5549
0.20126 -0.76592
0.902 -1.048
0.4144 -0.53459
0.14246 -0.5961
0.6618 -0.73572
0.55309 -0.58111
0.53356 -0.26375
0.84629 -0.46471
0.61151 -0.26779
0.83448 -1.0204
0.57971 -0.3822
0.97622 -1.0605
0.2627 -0.55405
0.60428 -0.8677
0.94427 -1.2112
0.98173 -0.65866
