0.000000e+00	3.990698e+03	7.481919e+03	4.131009e+03	4.189354e+03	4.527525e+03	6.205875e+03	3.988345e+03	4.033067e+03	4.668958e+03	4.093769e+03	3.765094e+03	3.993306e+03	3.790844e+03	4.118099e+03	3.653039e+03	5.128209e+03	5.695521e+03	6.376703e+03	4.604375e+03	4.278195e+03	4.425617e+03	7.857855e+03		3.909477e+03	3.900305e+03	7.058951e+03	4.289706e+03	3.976437e+03	9.256960e+03	
3.654453e+03	3.192110e+03	7.470736e+03	4.123089e+03	3.128869e+03	4.260356e+03	6.191564e+03	3.393347e+03	3.788625e+03	4.772740e+03	3.982029e+03	3.342043e+03	3.756882e+03	3.165416e+03	3.360602e+03	3.229786e+03	4.495253e+03	5.842909e+03	6.065926e+03	4.743886e+03	3.431668e+03	4.039240e+03	7.512991e+03		3.331752e+03	3.344485e+03	7.343661e+03	4.255175e+03	3.606339e+03	1.045368e+04	
3.594638e+03	3.018893e+03	7.679260e+03	4.395960e+03	3.660519e+03	4.050395e+03	5.933379e+03	3.264906e+03	3.573738e+03	4.583768e+03	3.564011e+03	3.114191e+03	3.676719e+03	3.019291e+03	3.583692e+03	2.730542e+03	4.739099e+03	5.622036e+03	6.110181e+03	4.724409e+03	3.809021e+03	4.183929e+03	7.938434e+03		3.445753e+03	3.255217e+03	6.943239e+03	3.690060e+03	3.206772e+03	9.247034e+03	
3.279529e+03	2.992646e+03	7.778636e+03	4.000679e+03	3.753265e+03	4.051542e+03	6.096938e+03	3.391442e+03	3.570064e+03	4.428155e+03	3.367951e+03	2.985360e+03	3.478680e+03	3.110875e+03	3.614194e+03	2.770159e+03	4.886109e+03	5.401033e+03	6.081274e+03	4.647949e+03	3.956439e+03	4.213567e+03	8.118627e+03		3.487847e+03	3.441885e+03	6.854191e+03	3.652007e+03	3.263111e+03	8.962389e+03	
3.990698e+03	0.000000e+00	7.396931e+03	4.528123e+03	3.570361e+03	4.428730e+03	6.361031e+03	3.650625e+03	4.140253e+03	4.707739e+03	3.642918e+03	3.617688e+03	4.135044e+03	3.204501e+03	3.687843e+03	2.924864e+03	4.994282e+03	5.512250e+03	6.543951e+03	4.957287e+03	3.818317e+03	4.544501e+03	7.811756e+03		3.298609e+03	3.316575e+03	7.572413e+03	3.958063e+03	3.530188e+03	9.568134e+03	
3.356947e+03	3.389246e+03	7.510390e+03	3.984237e+03	3.578473e+03	4.060764e+03	5.951586e+03	3.477062e+03	3.612032e+03	4.431134e+03	3.621529e+03	3.072291e+03	3.483792e+03	3.271490e+03	3.691642e+03	3.021794e+03	4.879993e+03	5.471700e+03	6.154530e+03	4.730729e+03	3.863983e+03	4.140264e+03	7.925262e+03		3.523369e+03	3.553902e+03	6.880577e+03	3.832650e+03	3.467586e+03	9.012240e+03	
3.345409e+03	3.242703e+03	7.832966e+03	4.150716e+03	3.846068e+03	4.164907e+03	6.241117e+03	3.452156e+03	3.606767e+03	4.381410e+03	3.468615e+03	3.003099e+03	3.467131e+03	3.229932e+03	3.705590e+03	2.888125e+03	4.983322e+03	5.580396e+03	6.412723e+03	4.660671e+03	4.115184e+03	4.325427e+03	8.263713e+03		3.649571e+03	3.594444e+03	7.083812e+03	3.840100e+03	3.339047e+03	8.667575e+03	
3.309738e+03	3.159799e+03	7.534057e+03	4.089830e+03	3.758934e+03	3.980626e+03	6.031125e+03	3.490714e+03	3.586639e+03	4.552842e+03	3.395797e+03	3.006134e+03	3.414049e+03	3.186155e+03	3.627052e+03	2.898286e+03	4.777721e+03	5.381760e+03	6.088657e+03	4.693589e+03	3.952375e+03	4.265219e+03	7.825415e+03		3.506470e+03	3.456266e+03	6.789206e+03	3.877358e+03	3.276954e+03	8.920535e+03	
3.563567e+03	3.397902e+03	7.666344e+03	4.280913e+03	3.743318e+03	4.062730e+03	5.996623e+03	3.590179e+03	3.845824e+03	4.573122e+03	3.804348e+03	3.190290e+03	3.620215e+03	3.323848e+03	3.910219e+03	3.164426e+03	4.740287e+03	5.578572e+03	6.486486e+03	4.815396e+03	4.011609e+03	4.374461e+03	8.247096e+03		3.582233e+03	3.753767e+03	6.872763e+03	4.120835e+03	3.574883e+03	8.862629e+03	
7.481919e+03	7.396931e+03	0.000000e+00	7.535892e+03	7.596528e+03	8.123853e+03	6.788661e+03	7.878006e+03	8.164476e+03	8.524979e+03	8.025535e+03	8.023839e+03	8.133741e+03	7.810248e+03	7.821774e+03	7.787889e+03	7.823671e+03	7.825645e+03	6.645153e+03	8.030661e+03	7.777664e+03	8.113652e+03	7.981056e+03		7.767058e+03	7.713082e+03	5.943363e+03	7.873584e+03	7.852166e+03	8.076231e+03	
4.256503e+03	4.314106e+03	8.080763e+03	4.514828e+03	3.808803e+03	4.615545e+03	6.730304e+03	4.115211e+03	4.331706e+03	5.115292e+03	4.482367e+03	3.931741e+03	4.259974e+03	4.016561e+03	4.213698e+03	3.942748e+03	5.293388e+03	6.219481e+03	6.908943e+03	5.453376e+03	4.048154e+03	4.677633e+03	8.026674e+03		4.248859e+03	4.262447e+03	7.430316e+03	4.409556e+03	4.283562e+03	9.799749e+03	
4.131009e+03	4.528123e+03	7.535892e+03	0.000000e+00	4.601805e+03	5.151428e+03	6.735086e+03	4.699186e+03	4.685219e+03	5.375086e+03	4.648793e+03	4.487012e+03	4.610513e+03	4.492246e+03	4.646617e+03	4.323231e+03	5.731828e+03	5.974188e+03	6.765891e+03	5.202554e+03	4.368728e+03	4.896213e+03	8.203678e+03		4.503359e+03	4.504817e+03	7.221458e+03	4.960310e+03	4.699471e+03	9.964137e+03	
3.311659e+03	3.272941e+03	7.575872e+03	4.261792e+03	3.635495e+03	3.982790e+03	5.927476e+03	3.149347e+03	3.576623e+03	4.427683e+03	3.557831e+03	2.896936e+03	3.439346e+03	3.050359e+03	3.495744e+03	2.749177e+03	4.704390e+03	5.606329e+03	6.111994e+03	4.556088e+03	3.920747e+03	4.120900e+03	7.854941e+03		3.397833e+03	3.323984e+03	6.921545e+03	3.758781e+03	3.316002e+03	8.821485e+03	
3.831877e+03	3.418965e+03	7.603795e+03	4.579111e+03	4.011839e+03	4.109170e+03	6.135253e+03	3.489512e+03	3.844202e+03	4.542897e+03	3.643115e+03	3.288236e+03	3.782971e+03	3.127931e+03	3.787154e+03	3.147230e+03	4.869133e+03	5.530825e+03	6.385455e+03	4.685803e+03	3.900337e+03	4.308649e+03	7.799493e+03		3.589698e+03	3.426666e+03	7.036454e+03	3.848124e+03	3.190470e+03	8.845761e+03	
4.189354e+03	3.570361e+03	7.596528e+03	4.601805e+03	0.000000e+00	4.669498e+03	6.587943e+03	3.802440e+03	4.203305e+03	5.059716e+03	4.524828e+03	3.618687e+03	3.976809e+03	3.537762e+03	3.792958e+03	3.688408e+03	4.616915e+03	6.447092e+03	6.655043e+03	5.379485e+03	3.521920e+03	4.401376e+03	7.890772e+03		3.733082e+03	3.578629e+03	7.674198e+03	4.367059e+03	3.895582e+03	1.054223e+04	
4.140229e+03	3.395464e+03	7.668306e+03	4.498345e+03	2.822061e+03	4.443938e+03	6.724894e+03	3.821080e+03	3.961544e+03	4.991737e+03	4.381734e+03	3.658831e+03	4.113626e+03	3.527267e+03	3.775539e+03	3.510629e+03	4.551292e+03	6.282250e+03	6.485519e+03	5.241353e+03	3.355545e+03	4.338883e+03	7.628723e+03		3.623826e+03	3.444319e+03	7.598993e+03	4.298333e+03	3.959664e+03	1.063745e+04	
4.282552e+03	3.941123e+03	7.707041e+03	4.727381e+03	3.787886e+03	4.839732e+03	7.091895e+03	4.462637e+03	4.438400e+03	5.217435e+03	4.726733e+03	4.579498e+03	4.853449e+03	4.218846e+03	4.601183e+03	4.092416e+03	5.488331e+03	6.169708e+03	6.967885e+03	5.268917e+03	4.040839e+03	4.875059e+03	7.957062e+03		4.119535e+03	3.982626e+03	8.084890e+03	4.850128e+03	4.515064e+03	1.038517e+04	
3.648162e+03	3.372274e+03	7.636905e+03	4.566020e+03	4.155533e+03	4.395832e+03	6.009979e+03	3.610409e+03	3.801381e+03	4.595312e+03	3.744968e+03	3.263283e+03	3.718939e+03	3.379771e+03	3.969918e+03	3.077224e+03	4.864545e+03	5.526024e+03	6.615777e+03	4.599436e+03	4.265579e+03	4.480499e+03	8.089925e+03		3.759228e+03	3.658822e+03	7.164029e+03	4.066579e+03	3.508224e+03	8.819435e+03	
4.187857e+03	3.893750e+03	7.428208e+03	4.754191e+03	4.265955e+03	4.710973e+03	6.224762e+03	4.076973e+03	4.293989e+03	4.757285e+03	4.527592e+03	3.985041e+03	4.435329e+03	3.924127e+03	3.985628e+03	3.843906e+03	5.198408e+03	5.715885e+03	6.371114e+03	4.849060e+03	4.301361e+03	4.539195e+03	7.452753e+03		3.952260e+03	3.942800e+03	7.016708e+03	4.368304e+03	4.109997e+03	9.495428e+03	
3.624769e+03	3.296820e+03	7.718628e+03	4.381838e+03	3.466960e+03	3.863768e+03	5.753312e+03	2.998745e+03	3.389389e+03	4.462333e+03	3.501155e+03	3.052641e+03	3.496265e+03	2.846902e+03	3.315737e+03	2.754333e+03	4.510430e+03	5.537082e+03	6.002795e+03	4.621633e+03	3.656392e+03	3.998298e+03	7.730169e+03		3.259593e+03	3.147710e+03	6.921290e+03	3.772384e+03	3.174561e+03	9.705175e+03	
3.667982e+03	3.229541e+03	7.902963e+03	4.571403e+03	3.850483e+03	3.992616e+03	6.061680e+03	3.160268e+03	3.524097e+03	4.488600e+03	3.369673e+03	3.259138e+03	3.769643e+03	3.089139e+03	3.718801e+03	2.952900e+03	4.921556e+03	5.622211e+03	6.180870e+03	4.712491e+03	4.052170e+03	4.232512e+03	8.114250e+03		3.502174e+03	3.496343e+03	7.044231e+03	3.845819e+03	3.315070e+03	9.387951e+03	
3.774501e+03	3.230344e+03	7.925731e+03	4.374249e+03	3.859298e+03	3.857245e+03	5.846401e+03	3.274223e+03	3.706081e+03	4.586255e+03	3.453430e+03	3.297119e+03	3.697469e+03	3.195435e+03	3.656375e+03	3.072477e+03	4.942212e+03	5.427791e+03	6.029896e+03	4.841082e+03	4.061131e+03	4.089109e+03	7.776989e+03		3.505849e+03	3.605885e+03	6.795686e+03	4.006687e+03	3.398456e+03	9.571564e+03	
3.918888e+03	3.589069e+03	7.531537e+03	4.635330e+03	4.042115e+03	3.827018e+03	6.070005e+03	3.725773e+03	4.217678e+03	4.722834e+03	3.904433e+03	3.865559e+03	4.140554e+03	3.598816e+03	3.984517e+03	3.493435e+03	4.845224e+03	5.816796e+03	6.498516e+03	4.864130e+03	3.609396e+03	4.664942e+03	7.766894e+03		3.661463e+03	3.420603e+03	7.318894e+03	4.279715e+03	3.776542e+03	9.820578e+03	
3.574869e+03	3.616572e+03	7.785872e+03	4.315341e+03	3.653528e+03	3.837791e+03	6.078578e+03	3.273271e+03	3.570459e+03	4.242511e+03	3.488376e+03	3.040513e+03	3.450583e+03	3.177880e+03	3.591311e+03	3.053838e+03	4.762248e+03	5.520778e+03	6.177666e+03	4.688979e+03	3.847036e+03	4.138022e+03	7.554395e+03		3.509020e+03	3.514237e+03	6.955822e+03	3.915585e+03	3.301938e+03	9.119653e+03	
9.390894e+03	9.339181e+03	7.193947e+03	9.430253e+03	9.906629e+03	9.513312e+03	1.025055e+04	9.879183e+03	9.627496e+03	1.015341e+04	9.452610e+03	9.497797e+03	9.851202e+03	9.376825e+03	1.023702e+04	9.147518e+03	1.029195e+04	8.928350e+03	8.966617e+03	9.813365e+03	9.443001e+03	1.017384e+04	1.000211e+04		9.320117e+03	9.760274e+03	8.942222e+03	9.722806e+03	9.276639e+03	9.902119e+03	
4.981297e+03	4.820823e+03	7.805551e+03	5.349395e+03	4.867012e+03	5.629836e+03	5.991354e+03	4.777171e+03	5.062254e+03	5.996245e+03	5.301013e+03	4.827762e+03	5.172446e+03	4.545396e+03	4.522234e+03	4.793938e+03	4.887130e+03	6.326314e+03	5.861242e+03	5.733897e+03	4.734651e+03	5.221203e+03	6.299617e+03		4.680689e+03	4.626232e+03	6.613536e+03	5.105245e+03	4.851586e+03	1.117048e+04	
5.349161e+03	5.376036e+03	8.448044e+03	5.773723e+03	5.515931e+03	5.389302e+03	5.973968e+03	5.157396e+03	5.126634e+03	6.245871e+03	5.304842e+03	5.161168e+03	5.442470e+03	4.990745e+03	4.847762e+03	4.924592e+03	5.381754e+03	6.258101e+03	6.573596e+03	5.865668e+03	5.401086e+03	5.254182e+03	6.409708e+03		5.320546e+03	5.199751e+03	6.669894e+03	5.562843e+03	5.070460e+03	1.086405e+04	
4.981297e+03	4.820823e+03	7.805551e+03	5.349395e+03	4.867012e+03	5.629836e+03	5.991354e+03	4.777171e+03	5.062254e+03	5.996245e+03	5.301013e+03	4.827762e+03	5.172446e+03	4.545396e+03	4.522234e+03	4.793938e+03	4.887130e+03	6.326314e+03	5.861242e+03	5.733897e+03	4.734651e+03	5.221203e+03	6.299617e+03		4.680689e+03	4.626232e+03	6.613536e+03	5.105245e+03	4.851586e+03	1.117048e+04	
4.252486e+03	3.737811e+03	7.858014e+03	4.945766e+03	4.273920e+03	4.401307e+03	6.263725e+03	3.786276e+03	4.201814e+03	4.849462e+03	3.858137e+03	3.877408e+03	4.224919e+03	3.530085e+03	3.984287e+03	3.657538e+03	4.908317e+03	5.566416e+03	6.856448e+03	4.727493e+03	4.290018e+03	4.847481e+03	8.197555e+03		3.642849e+03	3.787365e+03	7.619524e+03	4.348581e+03	3.771810e+03	9.464699e+03	
4.527525e+03	4.428730e+03	8.123853e+03	5.151428e+03	4.669498e+03	0.000000e+00	6.337179e+03	4.351054e+03	4.450341e+03	4.529667e+03	4.314699e+03	4.243591e+03	4.413466e+03	4.348364e+03	4.478619e+03	4.135411e+03	5.589652e+03	5.827798e+03	6.344180e+03	5.002645e+03	4.506511e+03	4.977322e+03	7.770057e+03		4.493767e+03	4.360281e+03	6.900691e+03	4.705204e+03	4.282411e+03	9.491091e+03	
5.001798e+03	5.019618e+03	8.069271e+03	5.316472e+03	5.061155e+03	5.238585e+03	6.766625e+03	4.742299e+03	5.074283e+03	5.322794e+03	5.102579e+03	4.738107e+03	5.125161e+03	4.654047e+03	4.859408e+03	4.687940e+03	5.622062e+03	6.148420e+03	7.036108e+03	5.501550e+03	4.968578e+03	5.439479e+03	8.584190e+03		4.856271e+03	4.816104e+03	7.736099e+03	5.128025e+03	5.112483e+03	1.000098e+04	
5.033056e+03	4.489131e+03	8.653476e+03	5.298949e+03	4.234012e+03	4.923229e+03	7.354135e+03	4.548447e+03	4.933268e+03	5.630843e+03	4.975232e+03	4.780254e+03	5.035156e+03	4.540470e+03	4.877927e+03	4.525415e+03	5.476138e+03	6.555548e+03	7.379578e+03	5.738812e+03	4.573358e+03	5.419642e+03	8.849719e+03		4.626100e+03	4.385964e+03	8.368099e+03	5.016993e+03	4.848680e+03	1.044806e+04	
6.205875e+03	6.361031e+03	6.788661e+03	6.735086e+03	6.587943e+03	6.337179e+03	0.000000e+00	5.797867e+03	6.533134e+03	7.118859e+03	6.427549e+03	6.195325e+03	6.631797e+03	5.979450e+03	6.265873e+03	5.873182e+03	5.349107e+03	6.800530e+03	5.743766e+03	6.936463e+03	6.809762e+03	6.797912e+03	6.644646e+03		6.483936e+03	6.238085e+03	5.964191e+03	6.550878e+03	6.270846e+03	1.066879e+04	
5.536307e+03	5.366082e+03	7.160555e+03	6.071899e+03	5.731125e+03	6.034748e+03	5.683696e+03	5.135782e+03	5.638638e+03	6.326208e+03	5.958335e+03	5.530124e+03	5.824095e+03	5.175794e+03	5.363768e+03	5.164440e+03	5.452495e+03	6.249279e+03	5.197748e+03	6.130219e+03	5.540741e+03	5.918406e+03	5.524254e+03		5.467809e+03	5.367558e+03	6.592363e+03	5.959146e+03	5.635601e+03	1.023774e+04	
6.205875e+03	6.361031e+03	6.788661e+03	6.735086e+03	6.587943e+03	6.337179e+03	0.000000e+00	5.797867e+03	6.533134e+03	7.118859e+03	6.427549e+03	6.195325e+03	6.631797e+03	5.979450e+03	6.265873e+03	5.873182e+03	5.349107e+03	6.800530e+03	5.743766e+03	6.936463e+03	6.809762e+03	6.797912e+03	6.644646e+03		6.483936e+03	6.238085e+03	5.964191e+03	6.550878e+03	6.270846e+03	1.066879e+04	
3.988345e+03	3.650625e+03	7.878006e+03	4.699186e+03	3.802440e+03	4.351054e+03	5.797867e+03	0.000000e+00	3.871430e+03	4.865998e+03	4.023695e+03	3.519856e+03	3.826635e+03	2.935806e+03	3.424899e+03	3.113784e+03	4.598437e+03	5.617212e+03	6.149512e+03	4.913473e+03	4.022605e+03	4.100432e+03	7.888090e+03		3.592982e+03	3.511890e+03	7.239140e+03	4.113893e+03	3.520340e+03	9.715093e+03	
4.290140e+03	3.194578e+03	7.901861e+03	4.892221e+03	4.125052e+03	4.274481e+03	6.140446e+03	3.489527e+03	4.071377e+03	4.658884e+03	3.811509e+03	3.595457e+03	4.094744e+03	3.345547e+03	3.811640e+03	3.120752e+03	5.034866e+03	5.785338e+03	6.840244e+03	4.834330e+03	4.135213e+03	4.554853e+03	8.237318e+03		3.488638e+03	3.535775e+03	7.515056e+03	4.132435e+03	3.708453e+03	9.512483e+03	
4.308927e+03	3.235031e+03	8.004279e+03	4.920645e+03	3.739663e+03	4.537919e+03	6.696798e+03	3.861450e+03	4.096700e+03	5.047722e+03	4.186180e+03	3.987560e+03	4.480794e+03	3.506081e+03	4.002523e+03	3.449666e+03	5.272345e+03	6.175154e+03	7.040687e+03	5.232940e+03	3.770363e+03	4.923604e+03	7.964109e+03		3.447113e+03	3.430113e+03	7.823820e+03	4.442080e+03	3.785304e+03	1.003210e+04	
4.561107e+03	3.673778e+03	7.831333e+03	4.670508e+03	3.681179e+03	4.696420e+03	6.956792e+03	3.909759e+03	4.262479e+03	5.272633e+03	4.492599e+03	4.075644e+03	4.483007e+03	3.690605e+03	3.949870e+03	3.814212e+03	4.936402e+03	6.524378e+03	6.789542e+03	5.203317e+03	3.724579e+03	4.712905e+03	7.917054e+03		3.648416e+03	3.794492e+03	7.798572e+03	4.805976e+03	4.159447e+03	9.871046e+03	
3.954169e+03	3.586608e+03	7.305756e+03	4.709933e+03	4.024665e+03	3.949240e+03	5.692228e+03	3.458061e+03	3.707479e+03	4.641128e+03	3.763565e+03	3.505041e+03	3.944226e+03	3.387669e+03	3.948610e+03	3.305924e+03	4.909099e+03	5.463771e+03	6.332096e+03	4.889034e+03	4.109471e+03	4.197210e+03	7.488865e+03		3.868510e+03	3.656021e+03	6.771794e+03	4.221907e+03	3.244166e+03	8.720568e+03	
4.592072e+03	4.248330e+03	8.192101e+03	4.800603e+03	4.505901e+03	4.408313e+03	6.544608e+03	4.045295e+03	4.420225e+03	5.129604e+03	4.801693e+03	4.348766e+03	4.592536e+03	4.124761e+03	4.461174e+03	4.029146e+03	5.552059e+03	6.032665e+03	6.497519e+03	5.563283e+03	4.563169e+03	4.643524e+03	7.894713e+03		4.353952e+03	4.387148e+03	7.212520e+03	4.750336e+03	4.516018e+03	1.005205e+04	
4.033067e+03	4.140253e+03	8.164476e+03	4.685219e+03	4.203305e+03	4.450341e+03	6.533134e+03	3.871430e+03	0.000000e+00	4.844936e+03	4.279411e+03	3.820462e+03	4.238737e+03	3.699823e+03	4.143049e+03	3.644042e+03	5.151223e+03	6.038533e+03	6.537396e+03	4.952345e+03	3.937790e+03	4.554529e+03	7.698843e+03		3.810692e+03	3.866172e+03	7.171578e+03	4.368136e+03	4.002718e+03	9.513319e+03	
4.907019e+03	5.062822e+03	8.903284e+03	5.683085e+03	5.029961e+03	4.880407e+03	7.476858e+03	5.080393e+03	4.677989e+03	5.831182e+03	5.413350e+03	5.069918e+03	4.959634e+03	4.969046e+03	5.700398e+03	5.141184e+03	6.105206e+03	6.855456e+03	6.919268e+03	6.215669e+03	4.901348e+03	5.248243e+03	7.163713e+03		4.990651e+03	5.355366e+03	7.629898e+03	5.492509e+03	5.308226e+03	1.001394e+04	
4.668958e+03	4.707739e+03	8.524979e+03	5.375086e+03	5.059716e+03	4.529667e+03	7.118859e+03	4.865998e+03	4.844936e+03	0.000000e+00	4.596196e+03	4.514488e+03	4.800710e+03	4.612290e+03	4.876232e+03	4.552264e+03	5.930530e+03	5.922343e+03	6.904945e+03	4.975394e+03	5.119793e+03	5.326005e+03	8.246357e+03		4.788378e+03	4.831243e+03	7.779814e+03	4.835876e+03	4.707339e+03	9.526568e+03	
4.610264e+03	4.255354e+03	8.234713e+03	4.946382e+03	3.909887e+03	4.882324e+03	7.028942e+03	4.295807e+03	4.503226e+03	5.219909e+03	4.840105e+03	3.927617e+03	4.424250e+03	4.076635e+03	4.352785e+03	4.296088e+03	5.370880e+03	6.453725e+03	6.669949e+03	5.366939e+03	3.974033e+03	5.007662e+03	7.973193e+03		4.087441e+03	4.168831e+03	7.438191e+03	4.829156e+03	4.420542e+03	9.421230e+03	
5.740001e+03	5.364852e+03	6.936916e+03	6.035979e+03	5.603535e+03	6.413475e+03	5.038942e+03	5.352628e+03	5.947230e+03	6.737575e+03	6.106126e+03	5.624959e+03	5.873763e+03	5.443814e+03	5.544510e+03	5.476960e+03	4.996920e+03	6.968037e+03	5.492917e+03	6.195697e+03	5.675185e+03	6.373810e+03	7.141125e+03		5.453303e+03	5.391346e+03	6.174446e+03	6.191944e+03	5.985816e+03	9.944891e+03	
6.065116e+03	6.587497e+03	7.958089e+03	6.574220e+03	6.404052e+03	6.506075e+03	6.927577e+03	6.192770e+03	6.139212e+03	6.723020e+03	6.611451e+03	5.729509e+03	6.098330e+03	6.055999e+03	6.251771e+03	5.908026e+03	6.477319e+03	7.287673e+03	6.419212e+03	7.113833e+03	6.450297e+03	6.751020e+03	7.097677e+03		6.249273e+03	6.292085e+03	5.728852e+03	6.468893e+03	6.292174e+03	8.622225e+03	
8.181040e+03	8.216676e+03	6.929315e+03	7.961603e+03	8.108465e+03	8.006021e+03	5.557213e+03	8.317071e+03	8.289435e+03	9.145369e+03	8.612796e+03	8.624452e+03	8.618219e+03	8.308552e+03	8.421845e+03	8.090867e+03	6.829776e+03	7.975886e+03	4.263943e+03	9.001260e+03	8.070354e+03	8.558419e+03	5.667835e+03		8.288562e+03	8.237668e+03	5.629600e+03	8.550117e+03	8.180507e+03	1.219359e+04	
4.371764e+03	3.512467e+03	7.719384e+03	4.805926e+03	4.302885e+03	3.913100e+03	4.925331e+03	3.397754e+03	4.096185e+03	4.929661e+03	3.909299e+03	3.837530e+03	4.192462e+03	3.394731e+03	3.963379e+03	3.212983e+03	4.708067e+03	5.443091e+03	5.865146e+03	5.128289e+03	4.113321e+03	4.336041e+03	6.864383e+03		3.699918e+03	3.670657e+03	6.869843e+03	4.142968e+03	3.686294e+03	9.914585e+03	
4.383997e+03	4.139667e+03	8.141709e+03	4.843129e+03	3.990745e+03	4.529637e+03	6.344479e+03	3.812646e+03	4.274188e+03	5.049338e+03	4.294658e+03	3.840806e+03	4.151183e+03	3.609214e+03	3.895166e+03	3.753697e+03	5.096958e+03	5.669905e+03	6.579951e+03	5.191225e+03	4.352042e+03	4.578318e+03	8.198585e+03		3.987709e+03	3.836902e+03	7.351220e+03	4.384892e+03	4.051740e+03	1.033903e+04																													
5.674371e+03	5.698618e+03	8.296682e+03	6.114822e+03	6.166495e+03	5.019360e+03	6.852778e+03	6.010879e+03	5.767293e+03	5.722391e+03	5.622617e+03	5.670197e+03	6.023575e+03	5.818851e+03	5.983483e+03	5.575750e+03	6.143155e+03	6.488482e+03	6.477776e+03	6.235073e+03	5.963262e+03	6.476726e+03	6.563819e+03		5.663438e+03	5.775153e+03	6.815319e+03	6.044219e+03	5.786399e+03	1.054627e+04	
5.676765e+03	5.480333e+03	7.754729e+03	6.072604e+03	5.258965e+03	6.136525e+03	5.761486e+03	5.202126e+03	5.736910e+03	6.963660e+03	5.981267e+03	5.473575e+03	5.842314e+03	5.182966e+03	5.397928e+03	5.400660e+03	5.091043e+03	7.256805e+03	6.236801e+03	6.565884e+03	5.099878e+03	5.762995e+03	6.551223e+03		5.323888e+03	5.268637e+03	6.884075e+03	5.993264e+03	5.835141e+03	1.185478e+04	
3.848281e+03	4.133286e+03	7.968382e+03	4.510334e+03	4.412526e+03	4.506154e+03	6.359883e+03	3.775498e+03	3.829810e+03	4.198161e+03	4.222885e+03	3.473295e+03	3.941655e+03	3.700810e+03	4.127483e+03	3.686853e+03	5.218917e+03	5.806070e+03	6.558521e+03	4.568993e+03	4.377339e+03	4.502634e+03	8.052930e+03		3.904445e+03	4.062943e+03	7.277071e+03	4.322688e+03	3.996984e+03	8.836260e+03	
7.382940e+03	7.428599e+03	6.235615e+03	7.607880e+03	7.805362e+03	7.311685e+03	5.384931e+03	7.223896e+03	7.916947e+03	8.323130e+03	7.397162e+03	7.695276e+03	7.881693e+03	7.377936e+03	7.608606e+03	7.344547e+03	6.769540e+03	7.681919e+03	5.858701e+03	7.511277e+03	7.424713e+03	7.859643e+03	6.841819e+03		7.389310e+03	7.297050e+03	6.327016e+03	7.563259e+03	7.517172e+03	9.705894e+03	
6.618222e+03	6.630418e+03	6.557175e+03	7.140427e+03	7.294957e+03	6.796718e+03	5.476789e+03	6.554051e+03	6.591878e+03	7.343633e+03	6.654473e+03	6.506602e+03	6.791114e+03	6.232562e+03	6.814268e+03	6.140710e+03	6.251116e+03	7.082815e+03	5.434613e+03	7.235121e+03	7.103753e+03	7.067684e+03	6.337343e+03		7.024579e+03	6.720275e+03	5.329893e+03	6.918762e+03	6.494568e+03	8.112939e+03	
8.176033e+03	7.574459e+03	6.148113e+03	8.209374e+03	7.971479e+03	7.851206e+03	6.390447e+03	7.780743e+03	8.251797e+03	8.465780e+03	7.657609e+03	7.943792e+03	8.296983e+03	7.643324e+03	8.133771e+03	7.520082e+03	7.447025e+03	7.818099e+03	6.321442e+03	8.060717e+03	7.643422e+03	8.427305e+03	7.217011e+03		7.906981e+03	7.518001e+03	6.266502e+03	8.045119e+03	7.444725e+03	8.800566e+03	
6.611930e+03	6.548662e+03	6.322862e+03	7.051423e+03	6.939132e+03	6.770039e+03	5.985941e+03	6.358301e+03	6.949243e+03	7.452983e+03	6.981561e+03	6.683910e+03	6.952778e+03	6.303232e+03	6.585142e+03	6.244036e+03	6.495614e+03	7.611596e+03	5.524077e+03	7.407485e+03	6.991792e+03	6.871960e+03	6.598148e+03		6.819722e+03	6.642633e+03	5.774489e+03	6.879973e+03	6.702984e+03	8.639080e+03	
7.354465e+03	6.827097e+03	5.864553e+03	7.526460e+03	7.390344e+03	7.149557e+03	5.489188e+03	6.937742e+03	7.315300e+03	7.801211e+03	7.114367e+03	7.005325e+03	7.363122e+03	6.781123e+03	7.163576e+03	6.742911e+03	6.664354e+03	7.216931e+03	5.613558e+03	7.428346e+03	6.963590e+03	7.729244e+03	6.758149e+03		7.221768e+03	6.940568e+03	6.028784e+03	7.431685e+03	7.011870e+03	8.678281e+03	
8.176033e+03	7.574459e+03	6.148113e+03	8.209374e+03	7.971479e+03	7.851206e+03	6.390447e+03	7.780743e+03	8.251797e+03	8.465780e+03	7.657609e+03	7.943792e+03	8.296983e+03	7.643324e+03	8.133771e+03	7.520082e+03	7.447025e+03	7.818099e+03	6.321442e+03	8.060717e+03	7.643422e+03	8.427305e+03	7.217011e+03		7.906981e+03	7.518001e+03	6.266502e+03	8.045119e+03	7.444725e+03	8.800566e+03	
3.673269e+03	3.556207e+03	7.847413e+03	4.289157e+03	4.018779e+03	4.014063e+03	5.827925e+03	3.400056e+03	3.564477e+03	4.470507e+03	3.784962e+03	3.391801e+03	3.861757e+03	3.255359e+03	3.789694e+03	3.016149e+03	4.879660e+03	5.501894e+03	6.259173e+03	4.716512e+03	3.956515e+03	4.305615e+03	7.583583e+03		3.456163e+03	3.563371e+03	7.039563e+03	4.044718e+03	3.728615e+03	9.448260e+03	
3.891218e+03	3.443794e+03	7.857457e+03	4.542611e+03	3.856988e+03	3.828810e+03	5.871731e+03	3.178586e+03	3.621023e+03	4.475701e+03	3.544077e+03	3.186325e+03	3.677054e+03	3.144426e+03	3.647892e+03	2.978254e+03	4.728706e+03	5.453899e+03	6.294304e+03	4.544764e+03	3.954837e+03	4.376076e+03	8.069557e+03		3.322766e+03	3.382454e+03	6.966836e+03	4.003838e+03	3.493623e+03	9.591945e+03	
5.601198e+03	5.569866e+03	7.451349e+03	6.074885e+03	5.404008e+03	5.567456e+03	6.587840e+03	4.956037e+03	5.436768e+03	5.816064e+03	5.645477e+03	5.244176e+03	5.537093e+03	4.988524e+03	5.043388e+03	5.023280e+03	6.069399e+03	6.543448e+03	6.165374e+03	6.171211e+03	5.608802e+03	5.751093e+03	7.009473e+03		5.329158e+03	5.233285e+03	6.840800e+03	5.765255e+03	5.273838e+03	8.456903e+03	
4.872613e+03	4.927912e+03	8.184343e+03	5.136907e+03	5.002754e+03	4.948771e+03	7.028971e+03	4.884547e+03	5.029370e+03	5.250319e+03	5.149026e+03	5.016596e+03	5.354989e+03	4.710615e+03	4.851597e+03	4.840827e+03	5.778821e+03	6.266384e+03	6.702220e+03	5.418116e+03	4.773113e+03	4.517893e+03	7.561458e+03		4.939308e+03	4.886836e+03	7.667487e+03	5.361206e+03	4.924492e+03	1.082768e+04	
4.093769e+03	3.642918e+03	8.025535e+03	4.648793e+03	4.524828e+03	4.314699e+03	6.427549e+03	4.023695e+03	4.279411e+03	4.596196e+03	0.000000e+00	3.876307e+03	4.197263e+03	3.721760e+03	4.241867e+03	3.531996e+03	5.278834e+03	5.406817e+03	6.701158e+03	4.845613e+03	4.327340e+03	4.581262e+03	8.232335e+03		3.956031e+03	3.944362e+03	7.398719e+03	4.349495e+03	3.771224e+03	9.785329e+03	
3.765094e+03	3.617688e+03	8.023839e+03	4.487012e+03	3.618687e+03	4.243591e+03	6.195325e+03	3.519856e+03	3.820462e+03	4.514488e+03	3.876307e+03	0.000000e+00	3.222885e+03	3.076680e+03	3.605545e+03	3.008074e+03	4.954488e+03	5.821063e+03	6.262186e+03	4.837609e+03	3.942821e+03	4.239574e+03	8.113976e+03		3.580285e+03	3.556834e+03	7.008850e+03	3.895305e+03	3.549358e+03	8.996600e+03	
3.993306e+03	4.135044e+03	8.133741e+03	4.610513e+03	3.976809e+03	4.413466e+03	6.631797e+03	3.826635e+03	4.238737e+03	4.800710e+03	4.197263e+03	3.222885e+03	0.000000e+00	3.558581e+03	4.010625e+03	3.543614e+03	5.183476e+03	5.678499e+03	6.428844e+03	5.081792e+03	4.445657e+03	4.560576e+03	8.577483e+03		4.016607e+03	3.977510e+03	7.129802e+03	4.216336e+03	3.997593e+03	9.826646e+03	
3.590676e+03	2.986554e+03	7.380745e+03	4.334973e+03	3.772814e+03	4.022772e+03	5.946462e+03	3.216468e+03	3.608610e+03	4.402320e+03	3.352455e+03	2.872956e+03	3.402366e+03	2.762965e+03	3.548418e+03	2.646069e+03	4.597805e+03	5.335971e+03	5.991174e+03	4.646573e+03	3.810019e+03	4.026552e+03	7.681619e+03		3.356578e+03	3.247604e+03	6.783133e+03	3.711221e+03	3.178551e+03	8.979318e+03	
3.790844e+03	3.204501e+03	7.810248e+03	4.492246e+03	3.537762e+03	4.348364e+03	5.979450e+03	2.935806e+03	3.699823e+03	4.612290e+03	3.721760e+03	3.076680e+03	3.558581e+03	0.000000e+00	3.100561e+03	2.696281e+03	4.456776e+03	5.518916e+03	5.890236e+03	4.669493e+03	3.776914e+03	3.930253e+03	7.842712e+03		3.332050e+03	3.258072e+03	7.154401e+03	3.723298e+03	3.189972e+03	9.581069e+03	
4.118099e+03	3.687843e+03	7.821774e+03	4.646617e+03	3.792958e+03	4.478619e+03	6.265873e+03	3.424899e+03	4.143049e+03	4.876232e+03	4.241867e+03	3.605545e+03	4.010625e+03	3.100561e+03	0.000000e+00	3.415665e+03	4.636988e+03	5.762901e+03	6.431590e+03	4.975570e+03	3.953508e+03	4.369530e+03	7.793744e+03		3.678769e+03	3.431827e+03	7.096911e+03	4.474637e+03	3.826166e+03	1.052956e+04	
4.118099e+03	3.687843e+03	7.821774e+03	4.646617e+03	3.792958e+03	4.478619e+03	6.265873e+03	3.424899e+03	4.143049e+03	4.876232e+03	4.241867e+03	3.605545e+03	4.010625e+03	3.100561e+03	0.000000e+00	3.415665e+03	4.636988e+03	5.762901e+03	6.431590e+03	4.975570e+03	3.953508e+03	4.369530e+03	7.793744e+03		3.678769e+03	3.431827e+03	7.096911e+03	4.474637e+03	3.826166e+03	1.052956e+04	
3.587148e+03	3.236625e+03	7.616266e+03	4.334140e+03	3.376595e+03	4.124983e+03	5.889662e+03	3.007317e+03	3.648345e+03	4.584317e+03	3.589022e+03	3.144267e+03	3.594248e+03	2.862843e+03	3.235149e+03	2.702245e+03	4.343190e+03	5.647624e+03	5.935520e+03	4.654738e+03	3.539202e+03	3.918183e+03	7.680110e+03		3.351688e+03	3.316743e+03	7.091657e+03	3.822308e+03	3.284287e+03	9.728413e+03	
3.775713e+03	3.688020e+03	8.107604e+03	4.367050e+03	3.956815e+03	4.461139e+03	6.322725e+03	3.695370e+03	4.003102e+03	5.002394e+03	3.910528e+03	3.180773e+03	3.680219e+03	3.568240e+03	3.800382e+03	3.341673e+03	5.025639e+03	5.760110e+03	6.594000e+03	5.089632e+03	4.142602e+03	4.390318e+03	8.458175e+03		3.809920e+03	3.939190e+03	7.101945e+03	4.239513e+03	3.716562e+03	9.438151e+03	
3.924022e+03	3.865341e+03	7.457369e+03	4.363460e+03	4.141166e+03	4.958818e+03	6.867632e+03	4.341747e+03	4.140435e+03	5.118769e+03	4.458482e+03	3.992160e+03	4.409336e+03	3.991216e+03	4.305669e+03	3.930816e+03	5.285830e+03	5.932359e+03	6.920550e+03	4.945419e+03	3.908788e+03	4.457170e+03	7.986776e+03		4.091009e+03	3.907429e+03	7.393688e+03	4.589321e+03	4.290750e+03	9.602410e+03	
3.785375e+03	3.004424e+03	7.569016e+03	4.303702e+03	3.709539e+03	4.202348e+03	6.133084e+03	3.364595e+03	4.063060e+03	4.658006e+03	3.537037e+03	3.399590e+03	3.775138e+03	3.071333e+03	3.483541e+03	3.016182e+03	4.599140e+03	5.402407e+03	6.198727e+03	4.695630e+03	3.669852e+03	4.145464e+03	7.876894e+03		3.294737e+03	3.189089e+03	6.988996e+03	3.836174e+03	3.337372e+03	9.694763e+03	
3.316725e+03	3.171013e+03	7.696756e+03	4.163302e+03	3.616532e+03	4.018081e+03	6.009027e+03	3.240152e+03	3.531532e+03	4.334574e+03	3.341296e+03	2.799694e+03	3.320980e+03	3.021191e+03	3.464419e+03	2.779994e+03	4.709489e+03	5.322548e+03	6.064210e+03	4.605053e+03	3.877619e+03	4.005617e+03	7.957343e+03		3.361199e+03	3.429802e+03	6.860333e+03	3.801667e+03	3.240525e+03	9.261062e+03	
4.025707e+03	3.653782e+03	7.781887e+03	4.641436e+03	3.214081e+03	4.465214e+03	6.321166e+03	3.502278e+03	4.148386e+03	4.642503e+03	4.237785e+03	3.439478e+03	4.017599e+03	3.267896e+03	3.568734e+03	3.423977e+03	4.262386e+03	6.110041e+03	6.294924e+03	5.173417e+03	3.788217e+03	4.259137e+03	7.974364e+03		3.624284e+03	3.570210e+03	7.412486e+03	4.081421e+03	3.784908e+03	1.013238e+04	
3.500460e+03	3.172883e+03	7.634062e+03	4.226028e+03	3.701571e+03	4.066241e+03	5.837050e+03	3.401273e+03	3.768964e+03	4.531229e+03	3.449317e+03	2.785231e+03	3.315515e+03	3.129946e+03	3.614531e+03	2.847654e+03	4.735933e+03	5.324085e+03	6.108967e+03	4.771947e+03	4.068544e+03	4.153995e+03	8.060490e+03		3.577860e+03	3.551021e+03	6.690978e+03	3.933038e+03	3.265731e+03	9.305312e+03	
4.155541e+03	4.133134e+03	7.508967e+03	4.576773e+03	4.323653e+03	4.685581e+03	6.383208e+03	4.193883e+03	4.271455e+03	5.072370e+03	4.036784e+03	4.131958e+03	4.438312e+03	4.112288e+03	4.380585e+03	3.904840e+03	5.218125e+03	5.777034e+03	6.483972e+03	4.878768e+03	4.300771e+03	4.669095e+03	8.063785e+03		4.049419e+03	4.166055e+03	7.513223e+03	4.425956e+03	4.134925e+03	9.747498e+03	
3.512240e+03	2.947145e+03	7.591784e+03	4.275381e+03	3.957156e+03	4.137446e+03	6.026038e+03	3.498104e+03	3.697117e+03	4.550539e+03	3.329287e+03	3.067248e+03	3.521195e+03	3.160141e+03	3.788029e+03	2.821702e+03	4.831766e+03	5.489696e+03	6.176229e+03	4.798707e+03	4.045282e+03	4.325766e+03	8.047902e+03		3.651509e+03	3.548288e+03	6.766973e+03	3.906093e+03	3.173522e+03	9.041753e+03	
3.599004e+03	2.955718e+03	7.445928e+03	4.282978e+03	3.765293e+03	4.104582e+03	5.838675e+03	3.241833e+03	3.782502e+03	4.361780e+03	3.385946e+03	3.157955e+03	3.676531e+03	2.959894e+03	3.563652e+03	2.759214e+03	4.567786e+03	5.253685e+03	6.176301e+03	4.497648e+03	3.865987e+03	4.075646e+03	7.759150e+03		3.500576e+03	3.379785e+03	7.009354e+03	3.830529e+03	3.157988e+03	9.665023e+03	
3.653039e+03	2.924864e+03	7.787889e+03	4.323231e+03	3.688408e+03	4.135411e+03	5.873182e+03	3.113784e+03	3.644042e+03	4.552264e+03	3.531996e+03	3.008074e+03	3.543614e+03	2.696281e+03	3.415665e+03	0.000000e+00	4.646670e+03	5.668886e+03	5.947105e+03	4.640088e+03	3.730994e+03	4.075828e+03	7.852717e+03		3.344129e+03	3.208172e+03	7.035312e+03	3.633588e+03	3.268948e+03	9.482138e+03	
7.762193e+03	7.862406e+03	5.618249e+03	7.857284e+03	7.578828e+03	7.878473e+03	7.570927e+03	7.883628e+03	8.177600e+03	8.649304e+03	8.274483e+03	8.186810e+03	8.379266e+03	7.636427e+03	7.804985e+03	7.734116e+03	7.686939e+03	8.289228e+03	6.314609e+03	8.386377e+03	7.323928e+03	8.238812e+03	7.523927e+03		7.675471e+03	7.704536e+03	6.504013e+03	8.444803e+03	7.813355e+03	9.133136e+03	
3.979660e+03	3.679247e+03	7.714383e+03	4.661721e+03	4.203634e+03	4.535952e+03	6.117381e+03	3.780389e+03	4.121943e+03	4.664017e+03	3.867833e+03	3.670125e+03	4.118944e+03	3.469709e+03	4.043841e+03	3.308876e+03	4.872970e+03	5.541810e+03	6.345205e+03	4.903245e+03	4.213722e+03	4.494805e+03	8.030081e+03		3.845442e+03	3.861791e+03	7.161659e+03	4.110762e+03	3.705633e+03	9.756269e+03	
3.986534e+03	4.011220e+03	7.668981e+03	4.703411e+03	4.331437e+03	4.704619e+03	6.133433e+03	3.844041e+03	4.192214e+03	4.820362e+03	3.869328e+03	3.906320e+03	4.180260e+03	3.550791e+03	4.099937e+03	3.585416e+03	5.104056e+03	5.523848e+03	6.302204e+03	4.756864e+03	4.264790e+03	4.268504e+03	7.886021e+03		3.852948e+03	4.021392e+03	7.390014e+03	4.411328e+03	3.958869e+03	8.488942e+03	
5.245012e+03	5.321522e+03	6.908293e+03	5.662284e+03	5.554113e+03	5.799285e+03	4.228332e+03	4.963591e+03	5.528269e+03	6.465516e+03	5.523033e+03	4.835881e+03	5.250308e+03	4.864475e+03	5.159988e+03	4.742864e+03	4.622139e+03	6.201975e+03	4.422351e+03	6.570271e+03	5.626434e+03	5.627875e+03	5.684974e+03		5.412659e+03	5.376386e+03	5.283864e+03	5.664151e+03	5.459606e+03	1.098990e+04	
4.773119e+03	4.590672e+03	6.909085e+03	5.487709e+03	4.884788e+03	5.260891e+03	4.332893e+03	4.209929e+03	4.960874e+03	6.001532e+03	4.949563e+03	4.388704e+03	4.850164e+03	4.147967e+03	4.605427e+03	4.073038e+03	4.256153e+03	6.258189e+03	5.200463e+03	5.721340e+03	4.914054e+03	5.333728e+03	6.013445e+03		4.607634e+03	4.554845e+03	5.907565e+03	4.981249e+03	4.685856e+03	1.067613e+04	
5.128209e+03	4.994282e+03	7.823671e+03	5.731828e+03	4.616915e+03	5.589652e+03	5.349107e+03	4.598437e+03	5.151223e+03	5.930530e+03	5.278834e+03	4.954488e+03	5.183476e+03	4.456776e+03	4.636988e+03	4.646670e+03	0.000000e+00	6.484693e+03	6.010220e+03	5.865991e+03	4.880308e+03	5.356695e+03	6.643382e+03		4.883625e+03	4.819129e+03	6.733740e+03	5.190475e+03	4.779888e+03	1.096370e+04	
4.368814e+03	4.513339e+03	7.758899e+03	4.656186e+03	4.327923e+03	4.882533e+03	6.708871e+03	4.362119e+03	4.642445e+03	5.528223e+03	4.842045e+03	4.241035e+03	4.511301e+03	4.130804e+03	4.272405e+03	4.232432e+03	5.231222e+03	6.139163e+03	6.442764e+03	5.415281e+03	4.271638e+03	4.627229e+03	7.825389e+03		4.269966e+03	4.410521e+03	7.338842e+03	4.628220e+03	4.405431e+03	1.052406e+04	
5.128209e+03	4.994282e+03	7.823671e+03	5.731828e+03	4.616915e+03	5.589652e+03	5.349107e+03	4.598437e+03	5.151223e+03	5.930530e+03	5.278834e+03	4.954488e+03	5.183476e+03	4.456776e+03	4.636988e+03	4.646670e+03	0.000000e+00	6.484693e+03	6.010220e+03	5.865991e+03	4.880308e+03	5.356695e+03	6.643382e+03		4.883625e+03	4.819129e+03	6.733740e+03	5.190475e+03	4.779888e+03	1.096370e+04	
4.889520e+03	4.802826e+03	9.032919e+03	5.467627e+03	4.658766e+03	5.163180e+03	7.804037e+03	4.606393e+03	4.815102e+03	5.004230e+03	5.327568e+03	4.001803e+03	4.477961e+03	4.488059e+03	4.695072e+03	4.734333e+03	5.994989e+03	6.800423e+03	7.584856e+03	5.781935e+03	4.952754e+03	5.274868e+03	8.659937e+03		4.701189e+03	4.778064e+03	7.933901e+03	4.930607e+03	5.067920e+03	9.353967e+03	
5.483187e+03	4.805202e+03	8.389813e+03	5.959184e+03	5.931579e+03	5.507000e+03	7.222491e+03	5.392037e+03	5.572098e+03	5.330461e+03	4.869673e+03	5.184978e+03	5.367986e+03	5.053671e+03	5.362505e+03	4.977779e+03	6.289506e+03	5.549092e+03	7.688397e+03	5.680762e+03	5.706596e+03	5.992225e+03	8.884584e+03		5.551402e+03	4.974004e+03	8.083905e+03	5.428308e+03	5.178578e+03	9.308782e+03	
5.483187e+03	4.805202e+03	8.389813e+03	5.959184e+03	5.931579e+03	5.507000e+03	7.222491e+03	5.392037e+03	5.572098e+03	5.330461e+03	4.869673e+03	5.184978e+03	5.367986e+03	5.053671e+03	5.362505e+03	4.977779e+03	6.289506e+03	5.549092e+03	7.688397e+03	5.680762e+03	5.706596e+03	5.992225e+03	8.884584e+03		5.551402e+03	4.974004e+03	8.083905e+03	5.428308e+03	5.178578e+03	9.308782e+03	
5.695521e+03	5.512250e+03	7.825645e+03	5.974188e+03	6.447092e+03	5.827798e+03	6.800530e+03	5.617212e+03	6.038533e+03	5.922343e+03	5.406817e+03	5.821063e+03	5.678499e+03	5.518916e+03	5.762901e+03	5.668886e+03	6.484693e+03	0.000000e+00	6.647931e+03	5.891600e+03	6.049159e+03	6.071997e+03	7.536576e+03		5.919732e+03	5.620695e+03	7.516071e+03	5.745349e+03	5.580924e+03	1.005194e+04	
4.661273e+03	4.404590e+03	8.168899e+03	5.203047e+03	4.556519e+03	4.845897e+03	6.647804e+03	4.169067e+03	4.508555e+03	5.204790e+03	4.700889e+03	4.256160e+03	4.597168e+03	3.832441e+03	4.298458e+03	3.995060e+03	5.214082e+03	5.874242e+03	6.918876e+03	4.957728e+03	4.545479e+03	4.620288e+03	8.349919e+03		4.338410e+03	4.350111e+03	7.578915e+03	4.771232e+03	4.094501e+03	1.017872e+04	
6.376703e+03	6.543951e+03	6.645153e+03	6.765891e+03	6.655043e+03	6.344180e+03	5.743766e+03	6.149512e+03	6.537396e+03	6.904945e+03	6.701158e+03	6.262186e+03	6.428844e+03	5.890236e+03	6.431590e+03	5.947105e+03	6.010220e+03	6.647931e+03	0.000000e+00	7.073314e+03	6.365269e+03	6.648359e+03	4.830256e+03		6.440830e+03	6.542832e+03	5.766752e+03	6.602426e+03	6.330154e+03	9.667561e+03	
4.903688e+03	4.392312e+03	7.434648e+03	5.329330e+03	5.151752e+03	5.243599e+03	5.416057e+03	4.430976e+03	5.135027e+03	5.741961e+03	5.026345e+03	4.729228e+03	5.049600e+03	4.261654e+03	4.533509e+03	4.050587e+03	4.806747e+03	6.191208e+03	5.766610e+03	5.684898e+03	5.165437e+03	5.072359e+03	6.030531e+03		4.914061e+03	4.859707e+03	6.605358e+03	4.989704e+03	4.722548e+03	1.097502e+04	
3.596282e+03	3.257935e+03	7.596847e+03	4.216065e+03	3.735158e+03	4.186034e+03	6.096808e+03	3.437988e+03	3.729229e+03	4.732517e+03	3.531604e+03	3.303683e+03	3.770719e+03	3.174667e+03	3.797440e+03	2.833457e+03	4.805916e+03	5.606932e+03	6.216417e+03	4.797436e+03	3.855093e+03	4.161773e+03	7.977206e+03		3.670174e+03	3.553742e+03	7.134895e+03	3.892323e+03	3.420681e+03	9.584354e+03	
4.354536e+03	3.120060e+03	7.770904e+03	4.838817e+03	3.839180e+03	4.499004e+03	6.589336e+03	3.937719e+03	4.358849e+03	5.206228e+03	4.050959e+03	4.011293e+03	4.447133e+03	3.448339e+03	3.945033e+03	3.189042e+03	5.155592e+03	5.826058e+03	6.675894e+03	5.126111e+03	3.863595e+03	4.800599e+03	7.942054e+03		3.563285e+03	3.514159e+03	7.785295e+03	4.303537e+03	3.936654e+03	1.047915e+04	
4.400146e+03	4.304432e+03	7.644269e+03	5.095064e+03	4.949283e+03	4.788048e+03	5.994441e+03	4.574024e+03	4.664773e+03	5.283144e+03	4.421763e+03	4.153359e+03	4.491914e+03	4.158806e+03	4.524236e+03	3.948087e+03	5.419083e+03	5.872049e+03	5.926853e+03	5.242772e+03	4.908837e+03	4.991460e+03	6.951532e+03		4.484111e+03	4.479505e+03	6.652793e+03	4.562393e+03	4.351789e+03	9.224096e+03	
6.385482e+03	5.968988e+03	7.046451e+03	6.975389e+03	6.906519e+03	6.113205e+03	4.863868e+03	6.262212e+03	6.479975e+03	6.910914e+03	6.118359e+03	6.289056e+03	6.474521e+03	6.070055e+03	6.546663e+03	5.842068e+03	5.512452e+03	5.769436e+03	4.831047e+03	6.897943e+03	6.476885e+03	7.059961e+03	5.837338e+03		6.515389e+03	6.308425e+03	6.006141e+03	6.524458e+03	6.082551e+03	1.071046e+04	
4.604375e+03	4.957287e+03	8.030661e+03	5.202554e+03	5.379485e+03	5.002645e+03	6.936463e+03	4.913473e+03	4.952345e+03	4.975394e+03	4.845613e+03	4.837609e+03	5.081792e+03	4.669493e+03	4.975570e+03	4.640088e+03	5.865991e+03	5.891600e+03	7.073314e+03	0.000000e+00	5.232158e+03	5.412534e+03	8.280041e+03		4.607912e+03	4.860058e+03	7.964206e+03	4.939261e+03	4.769930e+03	9.561736e+03	
4.604375e+03	4.957287e+03	8.030661e+03	5.202554e+03	5.379485e+03	5.002645e+03	6.936463e+03	4.913473e+03	4.952345e+03	4.975394e+03	4.845613e+03	4.837609e+03	5.081792e+03	4.669493e+03	4.975570e+03	4.640088e+03	5.865991e+03	5.891600e+03	7.073314e+03	0.000000e+00	5.232158e+03	5.412534e+03	8.280041e+03		4.607912e+03	4.860058e+03	7.964206e+03	4.939261e+03	4.769930e+03	9.561736e+03	
3.631758e+03	3.368761e+03	8.070500e+03	4.537903e+03	3.975298e+03	4.280958e+03	6.173806e+03	3.563175e+03	3.928282e+03	4.684988e+03	3.774835e+03	2.928992e+03	3.481231e+03	3.177395e+03	3.913507e+03	3.017756e+03	4.811936e+03	5.820553e+03	6.093612e+03	4.697249e+03	4.207442e+03	4.469074e+03	8.461468e+03		3.787052e+03	3.786119e+03	6.956151e+03	3.848447e+03	3.332503e+03	9.202819e+03	
3.475751e+03	3.414035e+03	7.858889e+03	4.184034e+03	3.418302e+03	3.980689e+03	6.019592e+03	3.056654e+03	3.438137e+03	4.481128e+03	3.678082e+03	2.731107e+03	3.253612e+03	2.828603e+03	3.206364e+03	2.630827e+03	4.667582e+03	5.647573e+03	5.910811e+03	4.717161e+03	3.700788e+03	3.859749e+03	8.069458e+03		3.238889e+03	3.237530e+03	6.926037e+03	3.863136e+03	3.413396e+03	9.674027e+03	
5.835005e+03	6.125203e+03	7.807236e+03	6.386221e+03	6.021506e+03	5.794881e+03	7.222560e+03	5.701821e+03	5.957955e+03	6.337130e+03	6.159286e+03	5.614390e+03	5.769400e+03	5.481327e+03	5.577671e+03	5.701441e+03	6.164386e+03	6.941019e+03	5.656604e+03	6.308838e+03	5.986729e+03	6.419764e+03	6.459958e+03		5.722472e+03	5.782239e+03	5.603902e+03	6.257990e+03	5.836269e+03	8.473970e+03	
4.767377e+03	4.729236e+03	8.243301e+03	5.224330e+03	5.264188e+03	5.184093e+03	6.937931e+03	4.788146e+03	4.626005e+03	4.823208e+03	4.635701e+03	4.495571e+03	4.847439e+03	4.590385e+03	4.978225e+03	4.518097e+03	6.145293e+03	5.700877e+03	7.335081e+03	5.215846e+03	5.123853e+03	5.435655e+03	8.833313e+03		4.661093e+03	4.688874e+03	7.630222e+03	5.231191e+03	4.633881e+03	9.324217e+03	
5.434506e+03	4.855917e+03	8.797445e+03	5.669776e+03	5.335965e+03	5.236413e+03	6.884544e+03	4.885429e+03	5.206795e+03	6.013426e+03	5.132647e+03	4.842139e+03	5.268764e+03	4.471100e+03	5.027757e+03	4.479340e+03	5.876310e+03	6.616701e+03	7.172250e+03	5.740719e+03	5.386049e+03	5.464257e+03	8.839182e+03		5.137703e+03	4.820938e+03	7.910823e+03	5.085737e+03	4.670434e+03	1.022171e+04	
6.249236e+03	6.265209e+03	7.827436e+03	6.360174e+03	7.299461e+03	6.245600e+03	6.715646e+03	6.562899e+03	6.658422e+03	6.399682e+03	6.275169e+03	6.202240e+03	6.235773e+03	6.487769e+03	6.870242e+03	6.295332e+03	6.672528e+03	6.356437e+03	6.516360e+03	6.629967e+03	6.838739e+03	7.166183e+03	7.615076e+03		6.709544e+03	6.360026e+03	7.093129e+03	6.279496e+03	6.307955e+03	9.289534e+03	
3.815405e+03	3.264037e+03	7.625853e+03	4.339331e+03	3.181354e+03	4.448371e+03	6.332909e+03	3.283852e+03	3.654417e+03	4.800025e+03	4.046419e+03	3.331929e+03	3.767155e+03	3.036521e+03	3.162625e+03	3.185185e+03	4.504024e+03	5.892031e+03	6.160798e+03	4.850772e+03	3.285813e+03	4.095933e+03	7.752888e+03		3.166473e+03	3.073002e+03	7.244661e+03	4.104877e+03	3.515734e+03	1.059738e+04	
3.752354e+03	3.557427e+03	7.739918e+03	4.394178e+03	3.894291e+03	3.893071e+03	6.060779e+03	3.520778e+03	3.553272e+03	4.491857e+03	3.668680e+03	3.159276e+03	3.551562e+03	3.202694e+03	3.704441e+03	3.044271e+03	4.879319e+03	5.554394e+03	6.164669e+03	4.726968e+03	3.741231e+03	4.202522e+03	7.870342e+03		3.620284e+03	3.398149e+03	6.737286e+03	3.951990e+03	3.187662e+03	9.335452e+03	
4.380157e+03	4.345977e+03	7.306524e+03	5.124760e+03	4.707252e+03	4.820931e+03	6.351417e+03	4.282760e+03	4.323735e+03	5.284493e+03	4.529745e+03	4.486192e+03	4.878795e+03	4.195654e+03	4.631989e+03	4.318067e+03	5.237398e+03	5.831031e+03	6.721761e+03	5.091553e+03	4.580008e+03	4.890504e+03	7.688653e+03		4.157519e+03	4.557938e+03	7.316265e+03	4.893598e+03	4.446043e+03	9.687850e+03	
3.782363e+03	3.762322e+03	7.401947e+03	4.371071e+03	4.107039e+03	4.047184e+03	6.259820e+03	3.724854e+03	3.976016e+03	4.540807e+03	3.782449e+03	3.345784e+03	3.785847e+03	3.565637e+03	3.817524e+03	3.433444e+03	5.097928e+03	5.422899e+03	6.099549e+03	4.851669e+03	4.125245e+03	4.162412e+03	7.599028e+03		3.701468e+03	3.665496e+03	6.773855e+03	4.232726e+03	3.681334e+03	9.277403e+03	
4.006276e+03	3.534671e+03	7.523546e+03	4.613672e+03	3.877753e+03	4.004610e+03	6.083644e+03	3.436054e+03	3.783895e+03	4.521918e+03	3.635479e+03	3.356225e+03	3.931314e+03	3.284438e+03	3.784614e+03	3.114777e+03	4.849753e+03	5.499423e+03	6.513981e+03	4.686068e+03	3.735489e+03	4.396028e+03	7.850277e+03		3.495111e+03	3.329634e+03	7.228265e+03	4.056747e+03	3.493219e+03	9.249104e+03	
4.278195e+03	3.818317e+03	7.777664e+03	4.368728e+03	3.521920e+03	4.506511e+03	6.809762e+03	4.022605e+03	3.937790e+03	5.119793e+03	4.327340e+03	3.942821e+03	4.445657e+03	3.776914e+03	3.953508e+03	3.730994e+03	4.880308e+03	6.049159e+03	6.365269e+03	5.232158e+03	0.000000e+00	4.420400e+03	7.629021e+03		3.604010e+03	3.578551e+03	7.494501e+03	4.592344e+03	4.107782e+03	1.057210e+04	
3.979966e+03	3.841978e+03	7.875542e+03	4.614240e+03	4.226431e+03	4.377340e+03	6.361826e+03	3.810691e+03	4.272435e+03	4.926819e+03	4.067395e+03	3.882614e+03	4.095810e+03	3.596174e+03	3.970014e+03	3.702798e+03	4.928391e+03	5.677103e+03	6.568230e+03	5.008556e+03	4.059063e+03	4.173222e+03	8.076583e+03		3.837199e+03	3.657883e+03	7.389234e+03	4.195730e+03	3.764307e+03	1.004038e+04	
4.425617e+03	4.544501e+03	8.113652e+03	4.896213e+03	4.401376e+03	4.977322e+03	6.797912e+03	4.100432e+03	4.554529e+03	5.326005e+03	4.581262e+03	4.239574e+03	4.560576e+03	3.930253e+03	4.369530e+03	4.075828e+03	5.356695e+03	6.071997e+03	6.648359e+03	5.412534e+03	4.420400e+03	0.000000e+00	7.805490e+03		4.390419e+03	4.444126e+03	7.562206e+03	4.664516e+03	4.183975e+03	1.054953e+04	
4.943126e+03	4.668900e+03	8.157074e+03	5.107869e+03	4.603854e+03	5.240939e+03	6.939051e+03	4.703850e+03	5.009561e+03	5.760059e+03	5.053899e+03	5.012855e+03	5.195045e+03	4.393768e+03	4.871369e+03	4.559626e+03	5.566552e+03	6.251119e+03	6.924902e+03	5.476892e+03	4.609193e+03	4.636824e+03	7.884456e+03		4.653536e+03	4.703940e+03	8.000012e+03	5.129502e+03	4.780116e+03	1.103204e+04	
7.857855e+03	7.811756e+03	7.981056e+03	8.203678e+03	7.890772e+03	7.770057e+03	6.644646e+03	7.888090e+03	7.698843e+03	8.246357e+03	8.232335e+03	8.113976e+03	8.577483e+03	7.842712e+03	7.793744e+03	7.852717e+03	6.643382e+03	7.536576e+03	4.830256e+03	8.280041e+03	7.629021e+03	7.805490e+03	0.000000e+00		7.596442e+03	7.906641e+03	6.684939e+03	8.386584e+03	8.013373e+03	1.040940e+04	
4.883900e+03	4.953483e+03	7.578660e+03	5.051425e+03	4.583285e+03	5.142395e+03	6.974210e+03	4.907236e+03	4.946433e+03	6.010721e+03	4.942744e+03	4.961304e+03	5.078610e+03	4.641736e+03	4.812132e+03	4.812605e+03	5.640662e+03	6.233596e+03	6.850629e+03	5.323247e+03	4.503664e+03	5.212441e+03	8.163575e+03		4.666955e+03	4.632766e+03	7.977044e+03	5.271931e+03	4.847435e+03	1.019617e+04	
4.212937e+03	3.750738e+03	7.906843e+03	4.715576e+03	3.982510e+03	4.226187e+03	6.639273e+03	3.812890e+03	4.217859e+03	4.891092e+03	4.263326e+03	4.024417e+03	4.321642e+03	3.589935e+03	4.016953e+03	3.804544e+03	5.205090e+03	6.122472e+03	6.406614e+03	4.899615e+03	3.557226e+03	4.498964e+03	7.591537e+03		3.455031e+03	3.639725e+03	7.535371e+03	4.648504e+03	3.916858e+03	9.864282e+03	
4.017398e+03	3.793399e+03	7.936787e+03	4.852124e+03	4.075985e+03	4.076951e+03	6.325997e+03	3.500203e+03	3.774745e+03	4.219352e+03	3.893252e+03	3.284764e+03	3.619527e+03	3.267550e+03	3.827966e+03	3.190109e+03	4.994402e+03	5.562384e+03	6.622846e+03	4.758811e+03	4.322358e+03	4.305786e+03	8.231699e+03		3.709452e+03	3.705242e+03	7.212036e+03	3.910838e+03	3.406806e+03	9.028377e+03	
4.845044e+03	4.641554e+03	8.163785e+03	5.094275e+03	4.658409e+03	4.705573e+03	6.654749e+03	4.472913e+03	4.633248e+03	5.169577e+03	4.946234e+03	4.441155e+03	4.724195e+03	4.199495e+03	4.348957e+03	4.027028e+03	5.726792e+03	6.023293e+03	6.524581e+03	5.580463e+03	4.810720e+03	4.576938e+03	7.755931e+03		4.636993e+03	4.651787e+03	6.795794e+03	4.922417e+03	4.495626e+03	1.036306e+04	
6.326302e+03	6.412699e+03	7.805148e+03	6.667790e+03	6.868382e+03	6.439890e+03	5.874238e+03	6.259140e+03	6.363707e+03	6.897161e+03	6.559328e+03	6.079704e+03	6.363027e+03	5.998881e+03	6.453561e+03	5.818015e+03	5.874547e+03	6.495586e+03	4.843345e+03	7.088867e+03	6.838118e+03	6.681660e+03	5.729994e+03		6.517355e+03	6.330648e+03	6.029860e+03	6.345449e+03	6.246773e+03	9.835072e+03	
3.672814e+03	3.611358e+03	8.155677e+03	4.577625e+03	3.931177e+03	4.069039e+03	6.116983e+03	3.510018e+03	3.686239e+03	4.529731e+03	3.715116e+03	3.155759e+03	3.605917e+03	3.257015e+03	3.812500e+03	3.128122e+03	4.864251e+03	5.684682e+03	6.209916e+03	4.636279e+03	4.069086e+03	4.531010e+03	7.874877e+03		3.456410e+03	3.620405e+03	6.908079e+03	3.902997e+03	3.599174e+03	9.233661e+03	
4.673875e+03	4.178446e+03	8.059171e+03	5.032309e+03	4.376204e+03	4.571183e+03	7.088604e+03	4.695158e+03	4.899992e+03	5.451533e+03	4.383973e+03	4.850876e+03	5.023266e+03	4.338222e+03	4.794030e+03	4.309521e+03	5.919438e+03	5.715513e+03	6.792162e+03	5.009680e+03	4.062531e+03	5.191083e+03	8.120278e+03		4.227106e+03	4.083683e+03	7.685438e+03	4.742573e+03	4.317493e+03	1.032052e+04	
5.573272e+03	5.262489e+03	8.204863e+03	5.476527e+03	5.109976e+03	5.307465e+03	7.218976e+03	5.133023e+03	5.573521e+03	6.015860e+03	5.649851e+03	5.553071e+03	5.771214e+03	5.129023e+03	5.217862e+03	5.110932e+03	6.061338e+03	6.589711e+03	6.997918e+03	6.343074e+03	5.034137e+03	5.440484e+03	7.463039e+03		5.380030e+03	5.196953e+03	8.059258e+03	5.823704e+03	5.532320e+03	1.168582e+04	
4.228435e+03	4.021306e+03	7.896031e+03	4.677098e+03	3.696995e+03	4.768158e+03	6.781393e+03	4.104317e+03	4.227555e+03	5.245807e+03	4.378530e+03	4.103948e+03	4.380543e+03	3.761003e+03	4.061734e+03	3.873919e+03	4.769977e+03	6.143839e+03	6.549517e+03	5.056959e+03	3.936496e+03	4.863154e+03	8.146803e+03		3.822145e+03	4.038091e+03	7.465171e+03	4.349066e+03	4.071870e+03	1.011638e+04	
5.573272e+03	5.262489e+03	8.204863e+03	5.476527e+03	5.109976e+03	5.307465e+03	7.218976e+03	5.133023e+03	5.573521e+03	6.015860e+03	5.649851e+03	5.553071e+03	5.771214e+03	5.129023e+03	5.217862e+03	5.110932e+03	6.061338e+03	6.589711e+03	6.997918e+03	6.343074e+03	5.034137e+03	5.440484e+03	7.463039e+03		5.380030e+03	5.196953e+03	8.059258e+03	5.823704e+03	5.532320e+03	1.168582e+04	
4.212228e+03	3.882050e+03	7.448353e+03	4.854671e+03	3.813102e+03	4.726477e+03	5.050544e+03	3.633461e+03	4.342846e+03	5.175936e+03	4.479932e+03	3.745486e+03	4.193980e+03	3.302831e+03	3.559777e+03	3.701037e+03	3.815629e+03	5.968992e+03	5.070256e+03	5.059604e+03	4.113918e+03	4.571303e+03	5.716330e+03		3.690618e+03	3.808743e+03	6.193967e+03	4.395667e+03	3.941267e+03	9.901821e+03	
3.715664e+03	3.032776e+03	7.559840e+03	4.323005e+03	3.583024e+03	4.026486e+03	6.210799e+03	3.374902e+03	3.927622e+03	4.608394e+03	3.648947e+03	3.492927e+03	3.851841e+03	2.941287e+03	3.426708e+03	3.056496e+03	4.671298e+03	5.544142e+03	6.171934e+03	4.792714e+03	3.517036e+03	4.134750e+03	7.329798e+03		3.049132e+03	3.254844e+03	7.184770e+03	3.883973e+03	3.183266e+03	9.845887e+03	
4.573568e+03	4.238934e+03	7.831057e+03	4.997366e+03	4.946297e+03	4.306816e+03	6.573060e+03	4.539609e+03	4.586675e+03	4.825756e+03	4.184849e+03	4.426278e+03	4.618911e+03	4.187605e+03	4.527358e+03	4.241753e+03	5.383063e+03	5.431507e+03	6.735618e+03	5.024580e+03	4.704711e+03	5.280169e+03	7.940407e+03		3.891038e+03	4.266920e+03	7.371025e+03	4.633973e+03	4.320964e+03	9.457056e+03	
3.909477e+03	3.298609e+03	7.767058e+03	4.503359e+03	3.733082e+03	4.493767e+03	6.483936e+03	3.592982e+03	3.810692e+03	4.788378e+03	3.956031e+03	3.580285e+03	4.016607e+03	3.332050e+03	3.678769e+03	3.344129e+03	4.883625e+03	5.919732e+03	6.440830e+03	4.607912e+03	3.604010e+03	4.390419e+03	7.596442e+03		0.000000e+00	3.426843e+03	7.520582e+03	4.231437e+03	3.807970e+03	1.004088e+04	
3.885319e+03	3.748294e+03	7.932164e+03	4.627296e+03	3.818503e+03	4.311481e+03	6.109122e+03	3.326504e+03	3.936215e+03	4.796766e+03	4.004210e+03	3.531148e+03	3.942002e+03	3.156381e+03	3.585008e+03	3.326377e+03	4.708774e+03	5.761532e+03	6.197262e+03	4.813354e+03	4.094188e+03	4.127208e+03	7.947030e+03		3.618427e+03	3.525155e+03	7.216002e+03	4.014884e+03	3.222621e+03	1.004158e+04	
4.292408e+03	4.070945e+03	8.049671e+03	4.805277e+03	4.046829e+03	4.919521e+03	6.437196e+03	3.989351e+03	4.311478e+03	5.294726e+03	4.673947e+03	4.077409e+03	4.349364e+03	3.789678e+03	3.940946e+03	4.028748e+03	4.980774e+03	6.048385e+03	6.852846e+03	5.104263e+03	4.184169e+03	4.784242e+03	8.293822e+03		3.847688e+03	3.935279e+03	7.505890e+03	4.699530e+03	3.784133e+03	1.058527e+04	
4.116223e+03	4.252091e+03	7.995947e+03	4.940850e+03	4.377756e+03	4.356136e+03	6.245616e+03	3.944956e+03	4.103269e+03	5.096415e+03	4.306657e+03	3.864388e+03	4.214700e+03	3.710902e+03	4.046118e+03	3.634992e+03	4.957264e+03	5.746814e+03	6.534696e+03	4.940104e+03	4.555408e+03	4.452674e+03	7.741345e+03		3.994880e+03	4.050666e+03	7.096969e+03	4.391280e+03	3.403992e+03	9.664309e+03	
4.292408e+03	4.070945e+03	8.049671e+03	4.805277e+03	4.046829e+03	4.919521e+03	6.437196e+03	3.989351e+03	4.311478e+03	5.294726e+03	4.673947e+03	4.077409e+03	4.349364e+03	3.789678e+03	3.940946e+03	4.028748e+03	4.980774e+03	6.048385e+03	6.852846e+03	5.104263e+03	4.184169e+03	4.784242e+03	8.293822e+03		3.847688e+03	3.935279e+03	7.505890e+03	4.699530e+03	3.784133e+03	1.058527e+04	
7.088755e+03	7.576623e+03	7.072623e+03	7.256678e+03	7.331802e+03	7.238810e+03	4.638315e+03	7.054507e+03	7.346571e+03	8.094889e+03	7.490762e+03	7.206934e+03	7.440809e+03	6.994479e+03	7.225053e+03	6.900914e+03	5.571171e+03	7.170711e+03	4.894722e+03	7.993682e+03	7.399910e+03	7.606208e+03	5.721763e+03		7.308993e+03	7.316992e+03	5.230961e+03	7.377756e+03	7.258713e+03	1.268778e+04	
4.435090e+03	4.387253e+03	8.292016e+03	5.056657e+03	4.295162e+03	4.680376e+03	6.415276e+03	3.930149e+03	4.438118e+03	5.530572e+03	4.602593e+03	4.261313e+03	4.515809e+03	3.693438e+03	4.280351e+03	3.890042e+03	5.000746e+03	6.187092e+03	6.633541e+03	5.480793e+03	4.613625e+03	4.463607e+03	8.275751e+03		4.404896e+03	4.134257e+03	7.423592e+03	4.388524e+03	3.906649e+03	9.918089e+03	
5.029329e+03	4.954492e+03	8.558891e+03	5.521264e+03	5.596734e+03	4.937254e+03	7.109537e+03	4.899173e+03	5.134611e+03	5.002152e+03	4.888377e+03	4.560393e+03	4.878402e+03	4.744185e+03	5.092371e+03	4.804703e+03	6.153573e+03	5.765056e+03	7.373675e+03	5.092718e+03	5.344367e+03	5.559112e+03	8.893649e+03		4.881311e+03	4.697198e+03	8.232465e+03	5.056280e+03	4.932340e+03	9.694782e+03	
4.690865e+03	4.928004e+03	8.420443e+03	5.325806e+03	5.079431e+03	5.428208e+03	7.184979e+03	4.691828e+03	5.043914e+03	5.446191e+03	4.942896e+03	4.197107e+03	4.516869e+03	4.566381e+03	4.942352e+03	4.680943e+03	5.743613e+03	6.225708e+03	7.601619e+03	5.367841e+03	5.274053e+03	5.688488e+03	9.570766e+03		4.601451e+03	4.626521e+03	7.747302e+03	4.814695e+03	5.022402e+03	1.031083e+04	
3.991335e+03	4.036309e+03	7.640014e+03	4.475685e+03	4.099054e+03	4.562868e+03	6.542027e+03	3.892919e+03	4.051460e+03	5.224246e+03	4.353541e+03	4.136961e+03	4.483774e+03	3.621635e+03	4.090081e+03	3.668116e+03	4.948469e+03	5.828575e+03	5.949735e+03	5.151991e+03	4.027640e+03	4.311296e+03	7.639920e+03		3.924929e+03	4.030602e+03	7.083016e+03	4.386827e+03	3.880243e+03	9.857527e+03	
4.144064e+03	3.592041e+03	7.795175e+03	4.692171e+03	3.909418e+03	4.570715e+03	6.425188e+03	3.849395e+03	4.201063e+03	5.247852e+03	4.256627e+03	3.830976e+03	4.182645e+03	3.457953e+03	3.825711e+03	3.541885e+03	4.932631e+03	5.847250e+03	6.619307e+03	4.929645e+03	3.869398e+03	4.575435e+03	8.141454e+03		3.608010e+03	3.468718e+03	7.301922e+03	4.169697e+03	3.692664e+03	9.856770e+03	
4.045522e+03	3.230461e+03	7.866543e+03	4.720353e+03	4.093927e+03	4.171941e+03	6.307775e+03	3.621106e+03	3.983021e+03	4.623443e+03	3.767156e+03	3.296251e+03	3.891376e+03	3.046452e+03	3.905699e+03	3.055590e+03	4.872690e+03	5.512438e+03	6.399198e+03	4.848719e+03	4.035851e+03	4.405124e+03	8.053183e+03		3.426505e+03	3.462997e+03	7.020468e+03	3.845885e+03	3.297784e+03	9.119891e+03	
4.061104e+03	3.222279e+03	7.820853e+03	4.728512e+03	3.773504e+03	4.507391e+03	6.957415e+03	4.043364e+03	3.948026e+03	4.923012e+03	4.154124e+03	3.911262e+03	4.379595e+03	3.332204e+03	3.953881e+03	3.438320e+03	5.044562e+03	5.914399e+03	6.855907e+03	5.061669e+03	3.639304e+03	4.618305e+03	7.796514e+03		3.385483e+03	3.561243e+03	7.776822e+03	4.321798e+03	3.686827e+03	9.865095e+03	
4.448747e+03	4.331615e+03	7.557401e+03	4.633063e+03	4.355378e+03	4.930569e+03	6.320987e+03	4.252557e+03	4.521659e+03	5.456999e+03	4.845754e+03	4.559850e+03	4.846437e+03	4.101496e+03	4.530079e+03	4.202206e+03	5.134693e+03	6.095541e+03	6.341597e+03	5.728391e+03	4.178693e+03	4.777356e+03	7.384166e+03		4.370202e+03	4.384243e+03	7.245920e+03	4.889008e+03	4.445117e+03	1.027286e+04	
4.519443e+03	4.170285e+03	7.169317e+03	4.883411e+03	4.429495e+03	4.187125e+03	5.586635e+03	4.232696e+03	4.297632e+03	5.120587e+03	4.220175e+03	4.159709e+03	4.411220e+03	3.859900e+03	4.170202e+03	3.771724e+03	4.792472e+03	5.307660e+03	5.771124e+03	5.274313e+03	4.255562e+03	4.774048e+03	6.413420e+03		4.264565e+03	4.081588e+03	6.410299e+03	4.515473e+03	3.963125e+03	1.022947e+04	
4.634677e+03	4.652461e+03	7.694033e+03	4.887655e+03	4.467923e+03	5.060091e+03	6.061592e+03	4.423184e+03	4.735055e+03	6.032342e+03	4.951208e+03	4.474717e+03	4.790909e+03	4.110952e+03	4.417755e+03	4.080154e+03	5.001833e+03	6.142113e+03	5.944312e+03	5.869407e+03	4.503722e+03	4.843344e+03	7.218697e+03		4.468746e+03	4.568370e+03	6.862877e+03	4.927402e+03	4.546317e+03	1.087242e+04	
3.974562e+03	3.670141e+03	7.344547e+03	4.604056e+03	4.182454e+03	3.989841e+03	5.785432e+03	3.825604e+03	3.962744e+03	4.564575e+03	3.856665e+03	3.555002e+03	3.982284e+03	3.507592e+03	4.023905e+03	3.313792e+03	4.818636e+03	5.131511e+03	5.927851e+03	4.984776e+03	4.307281e+03	4.227733e+03	6.985774e+03		3.806797e+03	3.853558e+03	6.464589e+03	3.909828e+03	3.639633e+03	9.100071e+03	
4.116231e+03	3.708301e+03	8.056529e+03	4.768665e+03	4.315076e+03	4.134246e+03	6.009080e+03	3.914442e+03	3.989633e+03	4.822701e+03	4.047498e+03	3.401421e+03	3.851490e+03	3.509038e+03	4.133980e+03	3.355461e+03	5.116923e+03	5.802717e+03	6.422361e+03	5.152570e+03	4.195452e+03	4.553060e+03	7.737100e+03		3.913769e+03	3.782296e+03	6.592511e+03	4.278046e+03	3.680833e+03	9.329626e+03	
4.030155e+03	3.816316e+03	7.884517e+03	4.819065e+03	3.949522e+03	4.228979e+03	6.314802e+03	3.276885e+03	3.730741e+03	4.511770e+03	3.973599e+03	3.444374e+03	3.609699e+03	3.116214e+03	3.669569e+03	3.348238e+03	4.612102e+03	5.666572e+03	6.589080e+03	4.616186e+03	4.171224e+03	4.254620e+03	8.456756e+03		3.655509e+03	3.582303e+03	7.429123e+03	4.061749e+03	3.380693e+03	9.517031e+03	
3.877527e+03	3.526573e+03	7.604988e+03	4.418688e+03	3.473448e+03	4.584382e+03	6.366057e+03	3.420981e+03	3.706154e+03	4.846175e+03	4.072517e+03	3.366859e+03	3.814653e+03	3.246371e+03	3.391717e+03	3.390123e+03	4.578247e+03	5.577048e+03	6.150725e+03	4.735515e+03	3.510225e+03	4.211274e+03	7.950278e+03		3.279011e+03	3.274483e+03	6.989070e+03	4.243562e+03	3.642782e+03	9.979683e+03	
4.227409e+03	3.954515e+03	8.184969e+03	4.777734e+03	3.848737e+03	4.681385e+03	6.555345e+03	3.537701e+03	4.056830e+03	5.093415e+03	4.419867e+03	3.545773e+03	4.012679e+03	3.143775e+03	3.735215e+03	3.485704e+03	4.727823e+03	6.296794e+03	5.203663e+03	5.088468e+03	4.002995e+03	4.081609e+03	6.026903e+03		3.847862e+03	3.852031e+03	6.903245e+03	4.119406e+03	3.691036e+03	9.847248e+03	
4.179525e+03	3.690235e+03	8.134857e+03	4.908572e+03	4.001324e+03	4.349824e+03	6.429526e+03	3.534273e+03	4.000128e+03	4.808990e+03	4.080558e+03	3.498207e+03	3.940320e+03	3.141708e+03	3.672190e+03	3.342730e+03	4.741521e+03	5.982380e+03	6.590963e+03	4.685964e+03	4.202304e+03	4.140029e+03	7.952619e+03		3.604293e+03	3.590188e+03	7.549613e+03	4.001053e+03	3.393718e+03	9.596571e+03	
4.145112e+03	3.465672e+03	7.645433e+03	4.885300e+03	4.272578e+03	3.946816e+03	6.597452e+03	3.739532e+03	4.065691e+03	4.234699e+03	3.824059e+03	3.684112e+03	4.032339e+03	3.402602e+03	4.046661e+03	3.336401e+03	5.127348e+03	5.439318e+03	6.802659e+03	4.715073e+03	4.385254e+03	4.619013e+03	7.819772e+03		3.643554e+03	3.722256e+03	7.319422e+03	3.968147e+03	3.536037e+03	8.839874e+03	
4.735786e+03	3.997892e+03	7.189404e+03	5.163048e+03	4.691391e+03	4.591612e+03	5.100535e+03	3.869083e+03	4.469382e+03	5.318553e+03	4.199875e+03	4.179857e+03	4.578116e+03	3.811755e+03	4.318165e+03	3.774584e+03	4.236276e+03	5.598059e+03	5.449454e+03	5.119461e+03	4.526635e+03	4.714025e+03	5.633491e+03		4.103292e+03	4.045562e+03	6.580172e+03	4.663897e+03	3.953275e+03	1.021518e+04	
4.797119e+03	4.647963e+03	8.058032e+03	5.135593e+03	4.743971e+03	4.899483e+03	6.449217e+03	4.585226e+03	4.814864e+03	5.710619e+03	4.905507e+03	4.731659e+03	5.120208e+03	4.192435e+03	4.721796e+03	4.317579e+03	4.939995e+03	6.150348e+03	5.845587e+03	6.000938e+03	4.588858e+03	5.377080e+03	6.741046e+03		4.684042e+03	4.796788e+03	6.703809e+03	4.912268e+03	4.523991e+03	9.976781e+03	
4.797119e+03	4.647963e+03	8.058032e+03	5.135593e+03	4.743971e+03	4.899483e+03	6.449217e+03	4.585226e+03	4.814864e+03	5.710619e+03	4.905507e+03	4.731659e+03	5.120208e+03	4.192435e+03	4.721796e+03	4.317579e+03	4.939995e+03	6.150348e+03	5.845587e+03	6.000938e+03	4.588858e+03	5.377080e+03	6.741046e+03		4.684042e+03	4.796788e+03	6.703809e+03	4.912268e+03	4.523991e+03	9.976781e+03	
4.696127e+03	4.740060e+03	6.202232e+03	5.268770e+03	4.715047e+03	5.284910e+03	4.355716e+03	4.256341e+03	5.005717e+03	5.503011e+03	5.037318e+03	4.346714e+03	4.785125e+03	4.244089e+03	4.200160e+03	4.377233e+03	4.580026e+03	5.790146e+03	4.538373e+03	5.702777e+03	4.837678e+03	4.999075e+03	5.725759e+03		4.659246e+03	4.487256e+03	5.489525e+03	5.024241e+03	4.704501e+03	9.396006e+03	
5.633997e+03	5.737346e+03	6.560722e+03	6.022194e+03	5.603432e+03	6.006976e+03	3.972754e+03	4.938967e+03	5.823239e+03	6.864297e+03	5.935983e+03	5.534099e+03	5.776354e+03	4.908635e+03	5.071403e+03	5.332567e+03	4.370597e+03	6.503952e+03	4.461885e+03	6.333809e+03	5.681792e+03	5.946642e+03	5.486306e+03		5.545512e+03	5.358586e+03	5.652706e+03	5.818551e+03	5.495905e+03	1.191834e+04	
5.549663e+03	5.854044e+03	6.344322e+03	5.938977e+03	5.709816e+03	5.968338e+03	4.446225e+03	5.238655e+03	5.954002e+03	6.650583e+03	6.070795e+03	5.548058e+03	5.888216e+03	5.154686e+03	5.290958e+03	5.403659e+03	4.798931e+03	6.269425e+03	2.822062e+03	6.740289e+03	5.710584e+03	5.861745e+03	5.178019e+03		5.705624e+03	5.519568e+03	5.188949e+03	6.036513e+03	5.653556e+03	1.140286e+04	
3.765310e+03	3.119652e+03	7.525096e+03	4.409113e+03	3.419595e+03	4.228274e+03	6.067697e+03	2.971549e+03	3.759908e+03	4.500422e+03	3.675408e+03	3.272472e+03	3.618293e+03	2.644954e+03	3.230906e+03	2.782129e+03	4.369549e+03	5.533802e+03	6.061686e+03	4.716640e+03	3.537417e+03	3.903862e+03	7.520359e+03		2.965991e+03	3.153559e+03	7.254958e+03	3.780354e+03	3.058592e+03	9.607930e+03	
3.721819e+03	3.432834e+03	7.911439e+03	4.564640e+03	4.048017e+03	4.410023e+03	6.152548e+03	3.476544e+03	3.775148e+03	4.836866e+03	3.755916e+03	3.372047e+03	3.796732e+03	3.091520e+03	3.770843e+03	3.013266e+03	4.788751e+03	5.648265e+03	5.997952e+03	4.825368e+03	3.962488e+03	4.132473e+03	7.804694e+03		3.554619e+03	3.555227e+03	6.811590e+03	3.962201e+03	3.281627e+03	9.033416e+03	
4.652885e+03	4.187741e+03	7.162321e+03	5.144025e+03	4.653781e+03	4.845116e+03	5.079331e+03	4.344382e+03	4.750933e+03	5.380206e+03	4.721040e+03	4.614941e+03	4.826751e+03	4.164029e+03	4.181487e+03	4.086721e+03	4.343310e+03	5.655055e+03	5.585676e+03	5.468376e+03	4.541346e+03	4.998472e+03	5.985240e+03		4.152144e+03	4.097055e+03	6.421628e+03	4.741960e+03	4.439067e+03	1.068818e+04	
4.216376e+03	3.539251e+03	8.152327e+03	4.829858e+03	4.082036e+03	4.289125e+03	6.375958e+03	3.590922e+03	3.976123e+03	4.567803e+03	3.953201e+03	3.460500e+03	4.008531e+03	3.178675e+03	3.834691e+03	3.180756e+03	4.979369e+03	5.746140e+03	6.465462e+03	4.815023e+03	4.092746e+03	4.284419e+03	7.798326e+03		3.582021e+03	3.570493e+03	7.180992e+03	3.947691e+03	3.468785e+03	9.342334e+03	
4.192427e+03	3.648828e+03	8.318867e+03	4.829811e+03	3.811169e+03	4.657005e+03	7.006913e+03	3.831384e+03	3.962977e+03	4.964948e+03	4.475175e+03	3.672539e+03	4.320878e+03	3.494101e+03	3.846155e+03	3.586425e+03	5.136146e+03	6.349018e+03	6.591200e+03	4.940346e+03	3.645621e+03	4.641357e+03	7.648307e+03		3.467480e+03	3.658243e+03	7.721148e+03	4.485923e+03	3.875801e+03	1.011462e+04	
4.837542e+03	4.646044e+03	7.902783e+03	5.291101e+03	5.185677e+03	5.044182e+03	5.675995e+03	4.784824e+03	5.111483e+03	5.658984e+03	4.945111e+03	4.924416e+03	5.128936e+03	4.631371e+03	4.682362e+03	4.727721e+03	5.242851e+03	5.913124e+03	6.080589e+03	5.192356e+03	5.008017e+03	5.487985e+03	6.933441e+03		4.672210e+03	4.513024e+03	7.336551e+03	5.315341e+03	5.014700e+03	1.059739e+04	
4.268064e+03	3.846275e+03	7.717584e+03	4.722872e+03	3.934450e+03	4.228921e+03	4.918279e+03	3.321621e+03	4.033380e+03	4.847109e+03	4.045099e+03	3.760137e+03	4.129465e+03	3.202817e+03	3.660435e+03	3.265210e+03	4.421332e+03	5.680924e+03	5.592044e+03	5.203607e+03	3.978821e+03	4.061531e+03	6.585652e+03		3.747627e+03	3.709716e+03	6.772196e+03	4.220554e+03	3.617071e+03	1.037992e+04	
3.756567e+03	3.708604e+03	7.534991e+03	4.710654e+03	3.944519e+03	4.373594e+03	6.218455e+03	3.529369e+03	3.734630e+03	4.664598e+03	4.008741e+03	3.466682e+03	3.947548e+03	3.311993e+03	3.792772e+03	3.292827e+03	4.710940e+03	5.810291e+03	6.172421e+03	4.730085e+03	3.966471e+03	4.101395e+03	7.946488e+03		3.538682e+03	3.603887e+03	7.096677e+03	4.122501e+03	3.606900e+03	9.674639e+03	
4.837542e+03	4.646044e+03	7.902783e+03	5.291101e+03	5.185677e+03	5.044182e+03	5.675995e+03	4.784824e+03	5.111483e+03	5.658984e+03	4.945111e+03	4.924416e+03	5.128936e+03	4.631371e+03	4.682362e+03	4.727721e+03	5.242851e+03	5.913124e+03	6.080589e+03	5.192356e+03	5.008017e+03	5.487985e+03	6.933441e+03		4.672210e+03	4.513024e+03	7.336551e+03	5.315341e+03	5.014700e+03	1.059739e+04	
4.633464e+03	4.214557e+03	8.197455e+03	5.148082e+03	4.455254e+03	4.680130e+03	7.260598e+03	4.435427e+03	4.615232e+03	5.235105e+03	4.772087e+03	4.583254e+03	4.873468e+03	4.156571e+03	4.503972e+03	4.246881e+03	5.703521e+03	6.091269e+03	7.032848e+03	5.213269e+03	4.222755e+03	4.955266e+03	8.125247e+03		4.204014e+03	4.079554e+03	7.921062e+03	4.827140e+03	3.826849e+03	9.957511e+03	
4.516383e+03	3.841884e+03	7.969746e+03	5.095252e+03	4.430489e+03	4.321853e+03	6.622480e+03	4.020572e+03	4.266033e+03	4.832822e+03	4.125105e+03	3.879756e+03	4.227308e+03	3.698380e+03	4.194828e+03	3.586990e+03	5.384536e+03	5.846581e+03	6.120647e+03	5.264384e+03	4.342626e+03	4.449249e+03	7.511037e+03		4.010581e+03	3.881889e+03	7.153942e+03	4.410838e+03	3.466057e+03	9.310271e+03	
3.806277e+03	3.429576e+03	7.814472e+03	4.496170e+03	3.570416e+03	3.972671e+03	5.968378e+03	2.990570e+03	3.756296e+03	4.455044e+03	3.777555e+03	3.191189e+03	3.609275e+03	2.766990e+03	3.404457e+03	2.923615e+03	4.598631e+03	5.675967e+03	6.088035e+03	4.683032e+03	3.758540e+03	3.913290e+03	7.693027e+03		3.262740e+03	3.313029e+03	7.019211e+03	3.774601e+03	3.348566e+03	9.671541e+03	
3.866385e+03	3.493508e+03	7.810999e+03	4.589554e+03	3.689762e+03	3.994275e+03	6.085240e+03	3.150357e+03	3.678346e+03	4.503874e+03	3.668975e+03	3.303355e+03	3.706984e+03	2.960220e+03	3.404290e+03	2.971544e+03	4.641959e+03	5.581076e+03	6.232852e+03	4.784141e+03	3.850614e+03	4.027292e+03	7.682524e+03		3.265106e+03	3.394205e+03	7.069256e+03	3.935542e+03	3.260020e+03	9.662938e+03	
4.412592e+03	4.334789e+03	8.873462e+03	5.442273e+03	4.442909e+03	4.751440e+03	6.937060e+03	4.003083e+03	4.264150e+03	4.726125e+03	4.483997e+03	3.713856e+03	4.159522e+03	3.752462e+03	4.287238e+03	3.882427e+03	5.361167e+03	6.132615e+03	7.238611e+03	4.984826e+03	4.775887e+03	4.772149e+03	8.694185e+03		4.217324e+03	4.074554e+03	7.882533e+03	4.171619e+03	4.065174e+03	9.615918e+03	
4.384443e+03	4.073504e+03	8.581533e+03	5.258835e+03	4.429404e+03	4.619747e+03	6.924552e+03	3.817818e+03	4.284470e+03	4.779617e+03	4.299036e+03	3.769989e+03	4.173649e+03	3.648609e+03	4.212594e+03	3.679773e+03	5.319311e+03	6.314820e+03	7.022297e+03	4.887586e+03	4.616040e+03	4.676699e+03	8.507642e+03		3.902771e+03	4.079568e+03	7.600860e+03	4.188597e+03	3.719081e+03	9.436758e+03	
4.384443e+03	4.073504e+03	8.581533e+03	5.258835e+03	4.429404e+03	4.619747e+03	6.924552e+03	3.817818e+03	4.284470e+03	4.779617e+03	4.299036e+03	3.769989e+03	4.173649e+03	3.648609e+03	4.212594e+03	3.679773e+03	5.319311e+03	6.314820e+03	7.022297e+03	4.887586e+03	4.616040e+03	4.676699e+03	8.507642e+03		3.902771e+03	4.079568e+03	7.600860e+03	4.188597e+03	3.719081e+03	9.436758e+03	
4.223850e+03	4.619614e+03	7.653686e+03	4.594771e+03	4.481930e+03	4.913995e+03	6.294263e+03	4.451169e+03	4.329711e+03	5.361771e+03	4.651455e+03	4.028377e+03	4.416269e+03	4.054368e+03	4.362436e+03	4.023515e+03	5.308327e+03	5.863076e+03	5.646712e+03	5.302521e+03	4.448625e+03	4.718080e+03	7.338080e+03		4.453908e+03	4.245260e+03	6.346495e+03	4.766292e+03	4.198194e+03	9.925007e+03	
3.934963e+03	3.636705e+03	7.809695e+03	4.642822e+03	3.772133e+03	4.100041e+03	5.901710e+03	3.356872e+03	3.793908e+03	4.705090e+03	3.596553e+03	3.366334e+03	3.731436e+03	3.088707e+03	3.569327e+03	3.130860e+03	4.523091e+03	5.416819e+03	6.264213e+03	4.645526e+03	4.064222e+03	3.951699e+03	7.864335e+03		3.587320e+03	3.463998e+03	7.126675e+03	3.864178e+03	3.164968e+03	9.659731e+03	
4.157029e+03	3.474614e+03	7.622711e+03	4.862304e+03	4.059354e+03	4.332400e+03	6.203683e+03	3.701961e+03	4.196721e+03	4.837778e+03	3.996968e+03	3.812137e+03	3.969393e+03	3.389386e+03	3.768085e+03	3.388624e+03	4.819238e+03	5.377260e+03	6.380544e+03	4.734938e+03	4.238039e+03	4.262012e+03	7.765252e+03		3.680254e+03	3.499901e+03	7.440251e+03	4.065294e+03	3.432847e+03	9.783163e+03	
3.972785e+03	3.591266e+03	7.861756e+03	4.626686e+03	3.739417e+03	4.196297e+03	6.089477e+03	3.393094e+03	3.950688e+03	4.758182e+03	3.948637e+03	3.603334e+03	3.989924e+03	3.055600e+03	3.526667e+03	3.164673e+03	4.615457e+03	5.607587e+03	6.049814e+03	5.028668e+03	3.954082e+03	4.080286e+03	7.499116e+03		3.395641e+03	3.553010e+03	7.058095e+03	3.975743e+03	3.270237e+03	9.950357e+03	
3.878821e+03	3.721111e+03	7.942203e+03	4.542625e+03	3.540531e+03	4.407830e+03	6.133798e+03	3.215316e+03	3.714006e+03	4.747840e+03	3.999738e+03	3.336814e+03	3.834046e+03	3.013827e+03	3.409284e+03	3.140998e+03	4.567411e+03	5.846652e+03	5.946510e+03	4.854622e+03	3.782581e+03	4.044753e+03	7.644826e+03		3.415897e+03	3.448896e+03	6.984559e+03	4.048528e+03	3.493637e+03	1.008416e+04	
4.219926e+03	4.319348e+03	8.216238e+03	4.954547e+03	4.179680e+03	4.534724e+03	6.147246e+03	3.752557e+03	4.153528e+03	4.871932e+03	4.288939e+03	3.842929e+03	4.201572e+03	3.606637e+03	3.970161e+03	3.739792e+03	4.693186e+03	6.006007e+03	6.754441e+03	5.095068e+03	4.599521e+03	4.528006e+03	8.480838e+03		4.093332e+03	3.992737e+03	7.247186e+03	4.305072e+03	3.730198e+03	1.016596e+04	
4.113901e+03	3.907451e+03	8.131705e+03	4.859437e+03	3.480586e+03	4.300638e+03	6.522200e+03	3.572000e+03	4.114753e+03	4.631419e+03	4.141539e+03	3.481894e+03	3.887973e+03	3.401332e+03	3.679499e+03	3.584062e+03	4.598765e+03	5.991785e+03	6.556489e+03	5.023684e+03	3.880670e+03	4.466584e+03	8.360426e+03		3.703842e+03	3.763381e+03	7.517603e+03	3.984458e+03	3.838850e+03	1.031356e+04	
4.113901e+03	3.907451e+03	8.131705e+03	4.859437e+03	3.480586e+03	4.300638e+03	6.522200e+03	3.572000e+03	4.114753e+03	4.631419e+03	4.141539e+03	3.481894e+03	3.887973e+03	3.401332e+03	3.679499e+03	3.584062e+03	4.598765e+03	5.991785e+03	6.556489e+03	5.023684e+03	3.880670e+03	4.466584e+03	8.360426e+03		3.703842e+03	3.763381e+03	7.517603e+03	3.984458e+03	3.838850e+03	1.031356e+04	
4.317472e+03	3.844790e+03	8.112275e+03	4.731597e+03	3.944836e+03	4.626846e+03	6.501992e+03	3.756220e+03	4.167061e+03	5.187752e+03	4.425126e+03	3.902917e+03	4.158628e+03	3.510291e+03	3.681338e+03	3.755182e+03	5.086389e+03	6.056578e+03	6.659048e+03	5.193271e+03	4.031479e+03	4.481457e+03	8.022165e+03		3.681663e+03	3.789651e+03	7.697049e+03	4.615187e+03	3.853571e+03	1.019935e+04	
3.947022e+03	3.336217e+03	7.458918e+03	4.443921e+03	3.769888e+03	4.492045e+03	6.161486e+03	3.480183e+03	3.931715e+03	4.948173e+03	4.019249e+03	3.622118e+03	4.079452e+03	3.240835e+03	3.591312e+03	3.277236e+03	4.761280e+03	5.710731e+03	6.079552e+03	4.679402e+03	3.571337e+03	4.166258e+03	7.521197e+03		3.473814e+03	3.314892e+03	6.981529e+03	4.180875e+03	3.553810e+03	9.863048e+03	
4.006261e+03	3.743119e+03	8.012420e+03	4.560895e+03	3.821099e+03	4.394375e+03	6.465576e+03	3.493244e+03	3.992919e+03	4.554062e+03	3.743545e+03	3.485617e+03	3.822504e+03	3.304195e+03	3.692337e+03	3.498289e+03	4.934533e+03	5.833634e+03	6.503606e+03	4.692435e+03	4.002822e+03	4.480225e+03	8.218999e+03		3.458312e+03	3.638602e+03	7.292681e+03	4.156358e+03	3.770695e+03	9.406942e+03	
4.392917e+03	4.281680e+03	7.640299e+03	4.528360e+03	4.375894e+03	4.530039e+03	6.522298e+03	4.430620e+03	4.363990e+03	5.251884e+03	4.167037e+03	4.303213e+03	4.570355e+03	4.096973e+03	4.378249e+03	4.162761e+03	5.243242e+03	5.872520e+03	6.623239e+03	4.879671e+03	4.349871e+03	4.589157e+03	8.086250e+03		4.086030e+03	4.284875e+03	7.598095e+03	4.751518e+03	4.424621e+03	1.024090e+04	
4.505101e+03	4.397583e+03	8.265189e+03	4.886264e+03	4.385873e+03	4.760148e+03	6.734345e+03	4.204509e+03	4.420844e+03	5.064119e+03	4.138537e+03	4.286268e+03	4.579218e+03	4.000590e+03	4.419348e+03	4.096297e+03	5.300000e+03	6.005438e+03	6.761615e+03	4.947642e+03	4.531474e+03	4.611488e+03	8.423835e+03		4.277608e+03	4.375105e+03	7.661997e+03	4.698488e+03	4.261979e+03	1.017736e+04	
3.958376e+03	3.174855e+03	7.442440e+03	4.345571e+03	3.287357e+03	4.492174e+03	6.464853e+03	3.665205e+03	3.838437e+03	4.989334e+03	3.991344e+03	3.710911e+03	4.168447e+03	3.333093e+03	3.647654e+03	3.317536e+03	4.511771e+03	5.882894e+03	6.290774e+03	4.948267e+03	3.257690e+03	4.332811e+03	7.595115e+03		3.291087e+03	3.209902e+03	7.370750e+03	4.308008e+03	3.714099e+03	1.037410e+04	
3.713389e+03	3.544371e+03	8.190693e+03	4.513348e+03	4.092871e+03	4.188178e+03	6.447063e+03	3.698278e+03	3.805138e+03	4.420438e+03	3.602512e+03	2.983890e+03	3.572651e+03	3.435831e+03	3.971377e+03	3.153760e+03	5.160057e+03	5.594305e+03	6.422144e+03	5.041598e+03	4.321840e+03	4.465445e+03	8.262814e+03		3.958933e+03	3.730589e+03	6.862509e+03	4.125099e+03	3.416863e+03	8.749331e+03	
3.937255e+03	3.070854e+03	7.452615e+03	4.353972e+03	3.502875e+03	4.350179e+03	6.462012e+03	3.582705e+03	3.861750e+03	4.786106e+03	3.866578e+03	3.630289e+03	4.100280e+03	3.216235e+03	3.499006e+03	3.236373e+03	4.701539e+03	5.671466e+03	6.443016e+03	4.800678e+03	3.446648e+03	4.483453e+03	7.645334e+03		3.243461e+03	3.124291e+03	7.469987e+03	4.212262e+03	3.501374e+03	9.917247e+03	
3.900305e+03	3.316575e+03	7.713082e+03	4.504817e+03	3.578629e+03	4.360281e+03	6.238085e+03	3.511890e+03	3.866172e+03	4.831243e+03	3.944362e+03	3.556834e+03	3.977510e+03	3.258072e+03	3.431827e+03	3.208172e+03	4.819129e+03	5.620695e+03	6.542832e+03	4.860058e+03	3.578551e+03	4.444126e+03	7.906641e+03		3.426843e+03	0.000000e+00	7.384786e+03	4.161966e+03	3.499603e+03	9.943076e+03	
4.241791e+03	3.830112e+03	7.700860e+03	4.651540e+03	3.776214e+03	4.687040e+03	6.768203e+03	4.061334e+03	4.407386e+03	5.257482e+03	4.362218e+03	4.050836e+03	4.398008e+03	3.796496e+03	3.910575e+03	3.861388e+03	4.923091e+03	6.168558e+03	6.697565e+03	5.057651e+03	3.812862e+03	4.596976e+03	7.928820e+03		3.764421e+03	3.705231e+03	7.449273e+03	4.577952e+03	4.030956e+03	1.060500e+04	
3.790738e+03	3.469213e+03	7.687268e+03	4.472248e+03	3.656450e+03	4.364732e+03	6.210951e+03	3.308701e+03	3.706051e+03	4.760587e+03	4.094726e+03	3.521682e+03	3.983616e+03	3.218958e+03	3.696826e+03	3.271542e+03	4.696565e+03	6.099254e+03	6.387120e+03	4.720018e+03	3.775170e+03	4.143248e+03	7.503448e+03		3.242052e+03	3.579188e+03	7.276813e+03	4.277935e+03	3.701392e+03	9.681360e+03	
3.772101e+03	3.274791e+03	7.020259e+03	4.317239e+03	3.460406e+03	3.960962e+03	4.509797e+03	2.887672e+03	3.786567e+03	4.618527e+03	3.585486e+03	3.222589e+03	3.739993e+03	2.771480e+03	3.227232e+03	2.844158e+03	3.976928e+03	5.427586e+03	5.508935e+03	4.562788e+03	3.526712e+03	3.999479e+03	5.974570e+03		3.312781e+03	3.238204e+03	6.195247e+03	3.894079e+03	3.216185e+03	1.000331e+04	
8.191257e+03	8.131427e+03	9.469362e+03	8.194221e+03	9.134047e+03	8.281370e+03	9.594092e+03	8.801125e+03	8.261759e+03	8.525674e+03	8.079066e+03	7.971264e+03	8.431434e+03	8.747288e+03	9.068858e+03	8.259222e+03	9.433957e+03	8.424497e+03	9.411659e+03	8.330443e+03	8.737996e+03	9.169924e+03	1.104786e+04		8.276297e+03	8.800517e+03	9.417717e+03	8.603033e+03	8.194468e+03	9.892846e+03	
7.058951e+03	7.572413e+03	5.943363e+03	7.221458e+03	7.674198e+03	6.900691e+03	5.964191e+03	7.239140e+03	7.171578e+03	7.779814e+03	7.398719e+03	7.008850e+03	7.129802e+03	7.154401e+03	7.096911e+03	7.035312e+03	6.733740e+03	7.516071e+03	5.766752e+03	7.964206e+03	7.494501e+03	7.562206e+03	6.684939e+03		7.520582e+03	7.384786e+03	0.000000e+00	7.532325e+03	7.194644e+03	7.639502e+03	
7.058951e+03	7.572413e+03	5.943363e+03	7.221458e+03	7.674198e+03	6.900691e+03	5.964191e+03	7.239140e+03	7.171578e+03	7.779814e+03	7.398719e+03	7.008850e+03	7.129802e+03	7.154401e+03	7.096911e+03	7.035312e+03	6.733740e+03	7.516071e+03	5.766752e+03	7.964206e+03	7.494501e+03	7.562206e+03	6.684939e+03		7.520582e+03	7.384786e+03	0.000000e+00	7.532325e+03	7.194644e+03	7.639502e+03	
4.025997e+03	3.674038e+03	7.887072e+03	4.747960e+03	4.016173e+03	4.102811e+03	6.305195e+03	3.520692e+03	3.917290e+03	4.507514e+03	3.818557e+03	3.573042e+03	3.894214e+03	3.363980e+03	3.913021e+03	3.190555e+03	4.966092e+03	5.604884e+03	6.067997e+03	4.734586e+03	4.123858e+03	4.338356e+03	7.745157e+03		3.694450e+03	3.625091e+03	7.054625e+03	3.895836e+03	3.307082e+03	9.694903e+03	
4.404583e+03	4.046828e+03	8.098527e+03	4.860436e+03	4.133479e+03	4.552025e+03	7.044110e+03	4.421224e+03	4.653840e+03	4.996702e+03	4.475181e+03	4.365952e+03	4.808059e+03	4.048945e+03	4.168775e+03	4.184437e+03	5.511115e+03	6.024702e+03	7.043883e+03	5.054646e+03	4.107978e+03	4.837299e+03	7.937804e+03		4.086180e+03	3.954830e+03	7.973306e+03	4.710809e+03	3.973333e+03	1.032408e+04	
4.421395e+03	4.037026e+03	8.008247e+03	4.851799e+03	4.072961e+03	4.944690e+03	7.038902e+03	4.531208e+03	4.577891e+03	5.401179e+03	4.769669e+03	4.632989e+03	4.863583e+03	4.020917e+03	4.435660e+03	4.079413e+03	5.558187e+03	6.232209e+03	6.948152e+03	5.274095e+03	3.994288e+03	4.991896e+03	7.857012e+03		3.892214e+03	4.060428e+03	8.038811e+03	4.883981e+03	4.414653e+03	1.042398e+04	
7.958974e+03	8.233889e+03	5.858442e+03	7.929231e+03	8.343532e+03	7.716417e+03	6.707366e+03	8.012986e+03	8.122434e+03	8.325368e+03	8.086024e+03	8.093145e+03	8.187081e+03	7.864943e+03	8.088426e+03	7.790605e+03	7.988988e+03	7.572299e+03	5.767961e+03	8.243086e+03	8.075648e+03	8.321731e+03	7.593529e+03		7.972125e+03	7.999089e+03	5.963371e+03	8.310197e+03	7.711062e+03	8.055189e+03	
7.004657e+03	7.351394e+03	7.081042e+03	7.791082e+03	7.567186e+03	7.484749e+03	7.493270e+03	7.164757e+03	7.210778e+03	7.128373e+03	7.388718e+03	6.967187e+03	7.080719e+03	7.007514e+03	7.263374e+03	6.996365e+03	8.057073e+03	6.844359e+03	7.529545e+03	7.266272e+03	7.853189e+03	7.450380e+03	8.723348e+03		7.392012e+03	7.325456e+03	7.109250e+03	7.211583e+03	7.030239e+03	6.642364e+03	
4.170482e+03	4.152575e+03	7.743983e+03	4.889508e+03	3.941322e+03	4.805107e+03	6.279922e+03	3.628923e+03	4.105934e+03	5.150053e+03	4.553577e+03	3.728040e+03	4.302125e+03	3.396840e+03	3.635409e+03	3.539532e+03	4.945321e+03	6.145186e+03	4.721504e+03	5.268499e+03	4.096229e+03	4.213557e+03	5.738443e+03		3.846987e+03	3.894772e+03	6.611035e+03	4.532022e+03	3.759576e+03	9.296532e+03	
4.170482e+03	4.152575e+03	7.743983e+03	4.889508e+03	3.941322e+03	4.805107e+03	6.279922e+03	3.628923e+03	4.105934e+03	5.150053e+03	4.553577e+03	3.728040e+03	4.302125e+03	3.396840e+03	3.635409e+03	3.539532e+03	4.945321e+03	6.145186e+03	4.721504e+03	5.268499e+03	4.096229e+03	4.213557e+03	5.738443e+03		3.846987e+03	3.894772e+03	6.611035e+03	4.532022e+03	3.759576e+03	9.296532e+03	
9.675132e+03	1.031272e+04	5.933000e+03	1.021960e+04	1.101004e+04	1.009480e+04	9.832434e+03	1.041739e+04	1.027486e+04	9.909217e+03	1.006464e+04	9.787131e+03	1.023787e+04	1.025886e+04	1.089845e+04	9.995837e+03	1.078004e+04	1.038971e+04	8.787754e+03	9.998786e+03	1.071265e+04	1.091088e+04	1.061579e+04		1.034235e+04	1.058546e+04	7.451867e+03	1.005380e+04	9.871417e+03	5.709777e+03	
4.289706e+03	3.958063e+03	7.873584e+03	4.960310e+03	4.367059e+03	4.705204e+03	6.550878e+03	4.113893e+03	4.368136e+03	4.835876e+03	4.349495e+03	3.895305e+03	4.216336e+03	3.723298e+03	4.474637e+03	3.633588e+03	5.190475e+03	5.745349e+03	6.602426e+03	4.939261e+03	4.592344e+03	4.664516e+03	8.386584e+03		4.231437e+03	4.161966e+03	7.532325e+03	0.000000e+00	3.819174e+03	9.725444e+03	
4.289706e+03	3.958063e+03	7.873584e+03	4.960310e+03	4.367059e+03	4.705204e+03	6.550878e+03	4.113893e+03	4.368136e+03	4.835876e+03	4.349495e+03	3.895305e+03	4.216336e+03	3.723298e+03	4.474637e+03	3.633588e+03	5.190475e+03	5.745349e+03	6.602426e+03	4.939261e+03	4.592344e+03	4.664516e+03	8.386584e+03		4.231437e+03	4.161966e+03	7.532325e+03	0.000000e+00	3.819174e+03	9.725444e+03	
5.382155e+03	5.216990e+03	8.232940e+03	5.355730e+03	4.925468e+03	5.661328e+03	7.324056e+03	4.991697e+03	5.473876e+03	6.090919e+03	5.688036e+03	5.167448e+03	5.489367e+03	4.949620e+03	4.859204e+03	5.036968e+03	6.065780e+03	6.702328e+03	6.828375e+03	5.925474e+03	4.814555e+03	5.134928e+03	7.622865e+03		5.098812e+03	5.084670e+03	7.959541e+03	5.510323e+03	5.408820e+03	1.174344e+04	
4.084724e+03	3.817627e+03	8.103663e+03	4.644841e+03	4.101509e+03	4.342073e+03	6.245760e+03	3.484211e+03	3.918829e+03	4.830708e+03	3.987265e+03	3.517917e+03	3.888720e+03	3.277092e+03	3.829005e+03	3.287355e+03	4.992309e+03	5.855516e+03	5.955133e+03	5.015196e+03	4.210039e+03	3.971716e+03	6.893411e+03		4.018936e+03	3.640377e+03	6.790322e+03	3.957252e+03	2.953469e+03	8.661396e+03	
4.568210e+03	4.384382e+03	7.975411e+03	5.192245e+03	4.580038e+03	4.848358e+03	5.964058e+03	4.204441e+03	4.376021e+03	5.277228e+03	4.373408e+03	4.181821e+03	4.571489e+03	3.881511e+03	4.394565e+03	4.034379e+03	4.866789e+03	5.865265e+03	5.974556e+03	5.177136e+03	4.624165e+03	4.703257e+03	6.622745e+03		4.363428e+03	4.306060e+03	6.884054e+03	4.612260e+03	3.574966e+03	9.328542e+03	
5.143994e+03	4.821503e+03	7.796154e+03	5.548110e+03	5.464535e+03	4.959482e+03	7.024758e+03	4.969916e+03	5.327502e+03	5.158959e+03	4.701335e+03	4.906709e+03	4.939021e+03	4.757468e+03	5.243958e+03	4.826884e+03	6.014350e+03	5.104735e+03	7.016998e+03	5.530623e+03	5.377958e+03	5.304635e+03	8.482674e+03		5.152308e+03	4.970438e+03	7.550958e+03	4.853521e+03	4.171067e+03	9.024740e+03	
3.976437e+03	3.530188e+03	7.852166e+03	4.699471e+03	3.895582e+03	4.282411e+03	6.270846e+03	3.520340e+03	4.002718e+03	4.707339e+03	3.771224e+03	3.549358e+03	3.997593e+03	3.189972e+03	3.826166e+03	3.268948e+03	4.779888e+03	5.580924e+03	6.330154e+03	4.769930e+03	4.107782e+03	4.183975e+03	8.013373e+03		3.807970e+03	3.499603e+03	7.194644e+03	3.819174e+03	0.000000e+00	9.491897e+03	
4.577346e+03	4.881613e+03	8.735397e+03	5.209503e+03	4.682808e+03	5.093505e+03	6.858831e+03	4.336544e+03	4.674120e+03	5.579168e+03	5.134088e+03	4.339436e+03	4.494053e+03	4.218080e+03	4.597267e+03	4.321905e+03	5.461633e+03	6.428353e+03	6.764519e+03	5.586502e+03	4.877209e+03	4.775650e+03	8.185667e+03		4.622310e+03	4.575188e+03	7.504172e+03	4.831737e+03	4.417373e+03	1.018613e+04	
3.876626e+03	3.483674e+03	7.996989e+03	4.696603e+03	3.939912e+03	4.084048e+03	6.043377e+03	3.398652e+03	3.882378e+03	4.493137e+03	3.787603e+03	3.332788e+03	3.695119e+03	3.246958e+03	3.744205e+03	3.130474e+03	4.875789e+03	5.739034e+03	6.127114e+03	4.722808e+03	4.111591e+03	4.020414e+03	7.997372e+03		3.787329e+03	3.484515e+03	6.870660e+03	3.954966e+03	3.118352e+03	9.341525e+03	
8.257598e+03	8.561837e+03	4.435407e+03	8.524701e+03	8.480648e+03	8.074488e+03	7.178460e+03	8.600021e+03	8.481171e+03	8.560418e+03	8.828189e+03	8.834427e+03	9.032533e+03	8.557831e+03	8.918406e+03	8.606710e+03	8.425199e+03	8.384383e+03	6.854002e+03	8.802421e+03	8.619886e+03	9.209119e+03	8.132562e+03		8.492272e+03	8.731301e+03	6.519762e+03	8.636375e+03	8.367798e+03	6.386409e+03	
3.841167e+03	3.690084e+03	8.235135e+03	4.531591e+03	3.809339e+03	4.414236e+03	5.987224e+03	3.201609e+03	3.874684e+03	5.107041e+03	4.012587e+03	3.355980e+03	3.758922e+03	3.028255e+03	3.653560e+03	3.224527e+03	4.764684e+03	5.985793e+03	6.065549e+03	4.912356e+03	3.888044e+03	4.050150e+03	7.926411e+03		3.803282e+03	3.582246e+03	6.887706e+03	4.003199e+03	3.331885e+03	9.282830e+03	
9.256960e+03	9.568134e+03	8.076231e+03	9.964137e+03	1.054223e+04	9.491091e+03	1.066879e+04	9.715093e+03	9.513319e+03	9.526568e+03	9.785329e+03	8.996600e+03	9.826646e+03	9.581069e+03	1.052956e+04	9.482138e+03	1.096370e+04	1.005194e+04	9.667561e+03	9.561736e+03	1.057210e+04	1.054953e+04	1.040940e+04		1.004088e+04	9.943076e+03	7.639502e+03	9.725444e+03	9.491897e+03	0.000000e+00	
4.272728e+03	4.266254e+03	8.397809e+03	4.852826e+03	4.424399e+03	4.425306e+03	6.450717e+03	3.705967e+03	4.061234e+03	4.808014e+03	4.229704e+03	3.886931e+03	4.156104e+03	3.664525e+03	4.139123e+03	3.699777e+03	5.329243e+03	5.870344e+03	6.547359e+03	5.076118e+03	4.584984e+03	4.092112e+03	8.097886e+03		4.326941e+03	3.982584e+03	7.083527e+03	4.214301e+03	3.757427e+03	9.993051e+03	
5.179262e+03	5.388210e+03	7.694998e+03	5.467286e+03	5.574341e+03	5.637229e+03	6.988767e+03	5.340933e+03	5.880274e+03	6.122450e+03	5.627791e+03	5.550887e+03	5.678604e+03	5.200652e+03	5.510080e+03	5.365040e+03	6.158731e+03	6.483579e+03	6.979864e+03	5.576758e+03	5.712081e+03	5.972396e+03	8.372636e+03		5.363388e+03	5.391496e+03	7.975844e+03	5.949014e+03	5.661326e+03	1.010429e+04	
5.179262e+03	5.388210e+03	7.694998e+03	5.467286e+03	5.574341e+03	5.637229e+03	6.988767e+03	5.340933e+03	5.880274e+03	6.122450e+03	5.627791e+03	5.550887e+03	5.678604e+03	5.200652e+03	5.510080e+03	5.365040e+03	6.158731e+03	6.483579e+03	6.979864e+03	5.576758e+03	5.712081e+03	5.972396e+03	8.372636e+03		5.363388e+03	5.391496e+03	7.975844e+03	5.949014e+03	5.661326e+03	1.010429e+04	
4.206697e+03	4.198995e+03	8.031468e+03	5.003982e+03	4.372692e+03	4.332138e+03	6.492950e+03	3.632577e+03	4.052282e+03	4.585309e+03	4.068908e+03	3.704441e+03	3.935913e+03	3.524468e+03	4.142956e+03	3.684076e+03	5.070545e+03	5.708363e+03	7.062740e+03	4.530366e+03	4.581047e+03	4.620402e+03	8.890834e+03		4.052252e+03	3.991677e+03	7.702498e+03	4.192278e+03	3.737025e+03	9.312821e+03	
4.006836e+03	4.100255e+03	6.905290e+03	4.714598e+03	3.987171e+03	4.814209e+03	4.932540e+03	3.706423e+03	4.185372e+03	5.210708e+03	4.557380e+03	3.814936e+03	4.241753e+03	3.437871e+03	3.786245e+03	3.752593e+03	4.571417e+03	5.746613e+03	4.012509e+03	5.163018e+03	4.064326e+03	4.200279e+03	5.293196e+03		3.939158e+03	3.889589e+03	6.035713e+03	4.522726e+03	3.859234e+03	9.389214e+03	
3.746189e+03	3.835919e+03	7.838367e+03	4.441354e+03	3.679850e+03	4.427265e+03	6.067752e+03	3.274407e+03	3.689802e+03	4.984777e+03	4.041378e+03	3.429660e+03	3.785712e+03	3.014061e+03	3.534476e+03	3.341547e+03	4.593379e+03	5.728565e+03	5.898371e+03	4.873161e+03	3.702755e+03	3.816991e+03	7.523456e+03		3.597292e+03	3.598175e+03	6.814907e+03	4.173004e+03	3.553690e+03	9.441884e+03	
3.902175e+03	3.995053e+03	7.881961e+03	4.662813e+03	3.853593e+03	4.520215e+03	6.217134e+03	3.467117e+03	3.924122e+03	4.797781e+03	4.191257e+03	3.514747e+03	3.943630e+03	3.187243e+03	3.670433e+03	3.338787e+03	4.849638e+03	5.569252e+03	5.569022e+03	5.058820e+03	3.982657e+03	4.012696e+03	7.059880e+03		3.793068e+03	3.787994e+03	6.934375e+03	4.185052e+03	3.411613e+03	9.267521e+03	
