-3.3285 -7.4708 1
5.389 -4.4324 1
2.5292 -7.0216 1
-4.8518 -6.8407 1
-1.9152 -7.7973 1
-8.8326 4.6083 1
-9.1936 3.2229 1
-1.7443 -1.4394 1
-1.3333 4.1783 1
-3.6905 -7.3832 1
-6.1496 8.3544 1
-4.3442 9.6539 1
-9.3869 0.57065 1
0.77229 4.9496 1
-5.9684 8.3832 1
-3.7135 -7.2147 1
2.1155 -7.1159 1
-0.5558 11.094 1
6.3891 -1.6763 1
-2.1993 3.5925 1
-8.0317 5.9759 1
-6.5688 7.8341 1
0.18556 11.059 1
-6.5568 7.7818 1
2.9491 11.069 1
-7.2704 -4.6576 1
3.669 10.784 1
4.6482 10.543 1
-6.7634 -5.2512 1
-2.8277 10.383 1
0.13823 11.042 1
2.0283 11.144 1
-3.5025 -7.3314 1
-7.0023 7.5829 1
2.4429 11.077 1
-4.7419 9.5516 1
2.088 11.106 1
-2.8343 -7.6061 1
-3.3769 10.045 1
5.198 10.37 1
1.8524 -7.3758 1
4.796 3.2534 1
-3.9953 9.7954 1
-8.8466 -2.0088 1
3.796 10.716 1
-5.2994 -6.5667 1
6.4447 -1.9147 1
-9.078 3.3348 1
5.3415 -4.6736 1
-7.7438 -4.1303 1
5.4699 10.353 1
-4.9657 -6.7256 1
-9.0926 3.7372 1
-4.7173 -6.7871 1
-7.4435 6.9161 1
6.2655 0.98445 1
6.3922 -1.5358 1
0.003416 4.7946 1
-8.5609 5.0758 1
-2.2979 10.589 1
-5.6536 8.7103 1
-7.4437 6.8793 1
0.4102 4.8635 1
-6.6468 -5.3556 1
-2.7233 10.46 1
-3.034 10.403 1
1.4612 -7.4882 1
6.1448 -3.0688 1
2.0012 4.868 1
-8.9282 4.1791 1
-8.0542 -3.7662 1
-1.9565 -1.387 1
-0.97207 -7.7385 1
-2.3526 -7.6795 1
-5.8675 8.6108 1
-3.6795 10.04 1
-8.8107 -1.9434 1
3.1123 4.3891 1
-8.8761 -1.7319 1
-8.1504 5.9581 1
-1.7394 -7.685 1
6.2141 1.013 1
6.2745 -2.4988 1
5.5036 10.148 1
-4.7614 -6.8572 1
-3.7281 10.079 1
-9.0621 -1.1777 1
-4.3188 9.6479 1
3.4505 10.942 1
-9.2861 1.7803 1
-9.3309 0.38146 1
-9.3675 1.4904 1
-2.3186 3.384 1
2.4869 11.106 1
0.091112 11.142 1
-8.8287 4.3396 1
4.8032 -5.0757 1
3.3225 -6.4651 1
-1.4795 4.1816 1
-6.783 -5.3225 1
-9.1046 -0.79925 1
-8.0917 5.9299 1
-0.06753 -1.4861 1
4.6773 3.2997 1
-3.8939 -7.3606 1
2.3108 -7.0661 1
3.1964 10.94 1
2.0254 11.061 1
3.5795 10.875 1
6.0288 1.3286 1
4.1779 3.8551 1
-8.4864 -2.8758 1
-8.9491 -1.6669 1
-8.769 4.4356 1
5.0594 -4.9721 1
0.38725 -7.7669 1
3.6352 -6.3621 1
2.187 4.861 1
-0.90604 4.535 1
-7.915 -3.9883 1
4.6392 -5.5243 1
5.4794 10.179 1
-8.0886 5.8823 1
-8.4546 -2.7667 1
-8.3552 5.4756 1
4.545 10.509 1
-1.7292 -7.682 1
0.98208 11.232 1
0.12913 11.026 1
-3.2887 10.263 1
-2.9675 2.2262 1
2.3796 -7.1065 1
5.4654 -4.4586 1
-9.3995 0.40029 1
2.757 4.6327 1
1.6007 -7.4879 1
-1.8439 10.779 1
6.396 -1.706 1
-3.0955 0.54232 1
5.9145 10.056 1
-9.1096 -0.87997 1
6.5469 -1.2517 1
-2.4028 -7.7008 1
-7.7528 6.4479 1
-8.1325 -3.6165 1
-2.3243 -7.7576 1
-9.1869 -1.1428 1
5.2263 2.7406 1
-4.7696 9.5038 1
-4.2531 9.775 1
-5.1529 -6.6803 1
-7.1631 7.4563 1
-0.23936 -7.8021 1
-8.0083 6.0096 1
3.8506 4.0667 1
-6.2084 -5.9412 1
-9.3081 2.6561 1
3.8119 4.1708 1
-2.357 3.3215 1
3.6384 -6.365 1
-2.7229 -7.5143 1
-7.019 7.5082 1
2.3506 4.7017 1
0.279 11.143 1
6.3892 0.31849 1
1.2976 -7.5556 1
-1.3755 -7.828 1
4.3999 10.649 1
5.1507 3.0793 1
-0.68814 11.03 1
-7.9857 -4.0082 1
4.5165 -5.7733 1
0.26154 11.032 1
-7.6644 -4.3073 1
-3.8476 -7.242 1
-4.8055 9.336 1
2.3687 -7.0008 1
4.3525 10.594 1
-7.9498 -3.722 1
-6.4786 7.9753 1
-8.99 3.4495 1
6.1 1.2541 1
-3.411 10.129 1
-1.6589 10.723 1
-3.0665 1.6347 1
-9.3255 -0.34778 1
6.1324 -3.1698 1
-7.3668 7.0567 1
-5.1811 -6.6276 1
-5.451 8.9151 1
-6.9815 -5.1157 1
-9.1173 -1.4931 1
6.4204 0.42305 1
2.1788 -7.1937 1
5.4043 -4.5447 1
-2.4178 10.531 1
4.4169 10.617 1
-9.2942 0.19637 1
-0.15599 11.096 1
4.7876 10.448 1
-9.357 1.543 1
-5.2273 9.1388 1
-0.24869 -7.7128 1
-4.8612 -6.6947 1
-2.2932 3.3755 1
-5.0651 9.2342 1
3.0047 -6.7478 1
-2.5397 10.571 1
5.4898 10.34 1
-4.8804 -6.7121 1
2.6401 -6.9518 1
-2.8269 2.8338 1
1.0886 11.074 1
-8.6758 4.8231 1
-2.2499 -7.7358 1
4.2293 10.782 1
-8.205 5.7614 1
-9.3653 2.0504 1
-6.4087 -5.6067 1
-1.0852 10.948 1
-2.4893 3.1467 1
-4.3698 -7.1207 1
4.8888 -5.1972 1
5.7671 1.967 1
3.7534 4.0896 1
0.24142 11.04 1
-1.8529 3.8269 1
3.5364 10.887 1
-8.7201 4.638 1
-2.1748 -1.1302 1
-1.2538 -1.6788 1
-2.3114 10.498 1
-4.0795 -7.266 1
-3.2542 10.158 1
6.28 0.32036 1
-4.8035 9.362 1
6.4632 -1.4869 1
5.6898 10.173 1
2.4491 11.078 1
-7.8906 -3.8784 1
1.0477 11.168 1
-9.3229 0.74176 1
-6.0288 8.3928 1
-8.4283 -3.1478 1
5.5637 2.2137 1
0.59778 11.043 1
-6.5489 -5.5628 1
5.7385 10.049 1
1.4001 -7.522 1
6.1041 1.1871 1
-7.8489 6.0857 1
4.7295 -5.3566 1
1.4338 4.8448 1
-0.32666 11.118 1
-8.9293 4.1491 1
2.6056 10.965 1
-1.1136 -7.7589 1
-4.3138 9.6869 1
-4.9255 9.3345 1
2.5017 -7.113 1
1.0946 11.179 1
5.7325 -4.0224 1
4.3946 3.5523 1
-3.4418 -7.4489 1
6.4088 -1.178 1
-0.83185 -1.6836 1
-9.2159 -0.32225 1
-9.2289 2.2573 1
-9.3316 2.274 1
-9.1488 3.4238 1
-2.5184 10.599 1
-3.1136 1.3532 1
-9.0369 3.4689 1
-8.5541 -2.8565 1
-8.9408 4.0699 1
0.023689 11.103 1
6.2112 -2.5854 1
-1.9398 3.7445 1
4.7201 -5.2988 1
-5.5921 8.6847 1
-5.7179 -6.1707 1
-2.33 -7.7475 1
4.5851 3.4226 1
6.2955 -2.5667 1
-9.0495 3.7222 1
-4.3708 9.7396 1
-8.6409 4.9389 1
-8.6577 -2.5226 1
5.5 10.133 1
-3.6998 -7.2795 1
-5.3451 -6.4207 1
6.0423 -3.1509 1
-9.246 2.0113 1
-0.47285 -7.8314 1
5.3864 -4.6722 1
-9.1012 -0.99917 1
-5.5032 8.7587 1
4.3153 10.601 1
-6.4349 8.1147 1
-9.084 -1.2502 1
-2.9511 -7.6084 1
3.7617 3.992 1
6.0871 0.85943 1
-8.7585 4.65 1
3.5598 10.92 1
-9.3707 0.75019 1
-0.18443 11.101 1
6.2503 0.56316 1
-8.9524 3.5755 1
4.7116 -5.34 1
-2.977 0.074078 1
-4.2433 9.6952 1
-2.0485 -7.8136 1
-0.66513 4.4646 1
2.2437 11.016 1
0.50036 -7.7595 1
-8.8883 -2.0528 1
6.4249 -0.96256 1
-9.3642 1.9057 1
1.9903 -7.2593 1
-4.8685 -6.7051 1
-0.054224 -7.7861 1
3.8532 -6.2638 1
6.1294 -2.6675 1
-6.4989 7.9682 1
6.3718 -1.0428 1
3.7002 10.811 1
1.6083 11.087 1
6.1107 -3.1542 1
6.3004 0.15843 1
6.4913 -1.6585 1
6.4251 -1.3552 1
6.3723 -1.0041 1
-1.6848 -7.8687 1
-3.9161 9.8879 1
-9.2234 -0.24086 1
5.8188 2.1249 1
-4.7346 9.3835 1
5.0983 10.387 1
3.475 4.1773 1
-2.4632 10.603 1
6.4685 -0.79806 1
-1.1179 -7.7592 1
4.3359 -5.6261 1
-2.0568 -7.819 1
4.0793 -5.8728 1
-0.021927 4.7935 1
-9.1623 2.8937 1
-2.9201 2.2652 1
5.9503 1.6629 1
-5.6385 -6.1396 1
6.0579 -3.1519 1
-1.2204 -7.7438 1
-9.0239 -1.473 1
-2.868 2.2771 1
-0.42459 10.996 1
-2.0616 10.606 1
-0.9941 4.3483 1
5.1436 2.9315 1
-2.2987 -1.0601 1
-8.8712 -1.9031 1
-8.5501 4.9748 1
-6.9817 7.541 1
6.254 0.70595 1
4.0001 10.685 1
-4.8858 -6.7123 1
-2.3835 3.2987 1
5.2318 2.9642 1
3.644 -6.4062 1
-0.83699 11.023 1
-3.0165 1.8751 1
2.7769 -6.8877 1
-9.3104 1.107 1
-3.8393 10.036 1
-3.0011 1.8655 1
-5.5976 8.8494 1
-2.9132 2.4225 1
5.4307 -4.5125 1
6.171 -3.0953 1
1.0303 11.046 1
-9.2005 -0.85867 1
-5.9117 -6.1022 1
-7.796 6.5411 1
0.994 4.9321 1
-0.71102 11.049 1
-7.0313 -5.0158 1
-1.4751 -1.539 1
4.2829 3.6866 1
6.2451 -2.4679 1
-3.0988 1.5072 1
-9.096 3.6003 1
-3.0689 0.39903 1
-5.7656 -6.1464 1
-4.8498 -6.8366 1
5.9628 -3.4838 1
-8.9577 -1.7978 1
5.758 -3.9578 1
1.4451 11.118 1
-1.5507 -1.559 1
-8.3664 -3.2857 1
1.855 -7.3592 1
1.7256 -7.2498 1
-2.8694 -0.34737 1
-8.9073 3.8293 1
-7.9692 -3.8618 1
-6.7255 7.902 1
-5.6384 8.8196 1
6.3921 -1.2704 1
5.9452 1.6876 1
1.9447 -7.2351 1
-8.2456 5.5649 1
2.0902 4.7714 1
-1.7397 -7.7653 1
-2.6022 -0.79244 1
-1.8351 3.9118 1
-8.4377 5.0923 1
-4.9824 9.34 1
0.86937 11.201 1
0.90195 11.11 1
-9.3405 0.37702 1
2.45 4.6946 1
-2.3262 3.2725 1
-6.2765 8.2373 1
-7.6056 6.8529 1
-9.2426 0.1961 1
-7.906 6.0492 1
6.0203 1.481 1
-5.3615 8.9779 1
4.559 10.519 1
-1.2629 -7.8366 1
6.4799 -1.2959 1
-4.8438 -6.738 1
-9.213 2.7965 1
-2.451 10.586 1
2.9323 10.903 1
2.1701 4.7075 1
-8.7073 4.47 1
-1.2106 4.164 1
0.35198 4.7696 1
2.4304 4.747 1
-6.4758 -5.638 1
-4.847 -6.8446 1
-2.8202 -7.507 1
-5.2818 9.1242 1
-7.157 -5.0331 1
-9.2451 2.7822 1
-4.974 -6.801 1
3.8867 -6.2023 1
6.3729 -2.0885 1
4.3771 10.708 1
6.3164 -2.4637 1
-5.5448 8.7423 1
-5.5638 -6.2762 1
4.4497 -5.7016 1
-9.2395 -0.38851 1
-1.671 -1.487 1
-2.364 3.4295 1
1.3096 11.187 1
0.68583 11.194 1
-3.6705 10.031 1
1.0305 11.118 1
-9.1179 3.3838 1
-6.1937 8.3864 1
-8.7526 4.1452 1
5.9601 1.7437 1
-3.2758 -7.4594 1
-5.6226 8.7111 1
-0.75141 -1.7795 1
-8.0568 -3.7357 1
-1.9618 -7.7631 1
-2.4972 2.9757 1
-2.4563 -7.5628 1
-3.2122 10.268 1
-9.2144 -0.16311 1
-7.6059 6.6745 1
2.2855 11.069 1
4.3079 -5.9323 1
-7.4418 6.941 1
-1.3244 10.828 1
-2.1105 -7.6984 1
-6.7327 -5.283 1
-9.3011 1.8272 1
-4.1775 -7.1223 1
5.3092 2.6988 1
6.4462 0.014985 1