 -3.3285000e+000 -7.4708000e+000
  5.3890000e+000 -4.4324000e+000
  2.5292000e+000 -7.0216000e+000
 -4.8518000e+000 -6.8407000e+000
 -1.9152000e+000 -7.7973000e+000
 -8.8326000e+000  4.6083000e+000
 -9.1936000e+000  3.2229000e+000
 -1.7443000e+000 -1.4394000e+000
 -1.3333000e+000  4.1783000e+000
 -3.6905000e+000 -7.3832000e+000
 -6.1496000e+000  8.3544000e+000
 -4.3442000e+000  9.6539000e+000
 -9.3869000e+000  5.7065000e-001
  7.7229000e-001  4.9496000e+000
 -5.9684000e+000  8.3832000e+000
 -3.7135000e+000 -7.2147000e+000
  2.1155000e+000 -7.1159000e+000
 -5.5580000e-001  1.1094000e+001
  6.3891000e+000 -1.6763000e+000
 -2.1993000e+000  3.5925000e+000
 -8.0317000e+000  5.9759000e+000
 -6.5688000e+000  7.8341000e+000
  1.8556000e-001  1.1059000e+001
 -6.5568000e+000  7.7818000e+000
  2.9491000e+000  1.1069000e+001
 -7.2704000e+000 -4.6576000e+000
  3.6690000e+000  1.0784000e+001
  4.6482000e+000  1.0543000e+001
 -6.7634000e+000 -5.2512000e+000
 -2.8277000e+000  1.0383000e+001
  1.3823000e-001  1.1042000e+001
  2.0283000e+000  1.1144000e+001
 -3.5025000e+000 -7.3314000e+000
 -7.0023000e+000  7.5829000e+000
  2.4429000e+000  1.1077000e+001
 -4.7419000e+000  9.5516000e+000
  2.0880000e+000  1.1106000e+001
 -2.8343000e+000 -7.6061000e+000
 -3.3769000e+000  1.0045000e+001
  5.1980000e+000  1.0370000e+001
  1.8524000e+000 -7.3758000e+000
  4.7960000e+000  3.2534000e+000
 -3.9953000e+000  9.7954000e+000
 -8.8466000e+000 -2.0088000e+000
  3.7960000e+000  1.0716000e+001
 -5.2994000e+000 -6.5667000e+000
  6.4447000e+000 -1.9147000e+000
 -9.0780000e+000  3.3348000e+000
  5.3415000e+000 -4.6736000e+000
 -7.7438000e+000 -4.1303000e+000
  5.4699000e+000  1.0353000e+001
 -4.9657000e+000 -6.7256000e+000
 -9.0926000e+000  3.7372000e+000
 -4.7173000e+000 -6.7871000e+000
 -7.4435000e+000  6.9161000e+000
  6.2655000e+000  9.8445000e-001
  6.3922000e+000 -1.5358000e+000
  3.4160000e-003  4.7946000e+000
 -8.5609000e+000  5.0758000e+000
 -2.2979000e+000  1.0589000e+001
 -5.6536000e+000  8.7103000e+000
 -7.4437000e+000  6.8793000e+000
  4.1020000e-001  4.8635000e+000
 -6.6468000e+000 -5.3556000e+000
 -2.7233000e+000  1.0460000e+001
 -3.0340000e+000  1.0403000e+001
  1.4612000e+000 -7.4882000e+000
  6.1448000e+000 -3.0688000e+000
  2.0012000e+000  4.8680000e+000
 -8.9282000e+000  4.1791000e+000
 -8.0542000e+000 -3.7662000e+000
 -1.9565000e+000 -1.3870000e+000
 -9.7207000e-001 -7.7385000e+000
 -2.3526000e+000 -7.6795000e+000
 -5.8675000e+000  8.6108000e+000
 -3.6795000e+000  1.0040000e+001
 -8.8107000e+000 -1.9434000e+000
  3.1123000e+000  4.3891000e+000
 -8.8761000e+000 -1.7319000e+000
 -8.1504000e+000  5.9581000e+000
 -1.7394000e+000 -7.6850000e+000
  6.2141000e+000  1.0130000e+000
  6.2745000e+000 -2.4988000e+000
  5.5036000e+000  1.0148000e+001
 -4.7614000e+000 -6.8572000e+000
 -3.7281000e+000  1.0079000e+001
 -9.0621000e+000 -1.1777000e+000
 -4.3188000e+000  9.6479000e+000
  3.4505000e+000  1.0942000e+001
 -9.2861000e+000  1.7803000e+000
 -9.3309000e+000  3.8146000e-001
 -9.3675000e+000  1.4904000e+000
 -2.3186000e+000  3.3840000e+000
  2.4869000e+000  1.1106000e+001
  9.1112000e-002  1.1142000e+001
 -8.8287000e+000  4.3396000e+000
  4.8032000e+000 -5.0757000e+000
  3.3225000e+000 -6.4651000e+000
 -1.4795000e+000  4.1816000e+000
 -6.7830000e+000 -5.3225000e+000
 -9.1046000e+000 -7.9925000e-001
 -8.0917000e+000  5.9299000e+000
 -6.7530000e-002 -1.4861000e+000
  4.6773000e+000  3.2997000e+000
 -3.8939000e+000 -7.3606000e+000
  2.3108000e+000 -7.0661000e+000
  3.1964000e+000  1.0940000e+001
  2.0254000e+000  1.1061000e+001
  3.5795000e+000  1.0875000e+001
  6.0288000e+000  1.3286000e+000
  4.1779000e+000  3.8551000e+000
 -8.4864000e+000 -2.8758000e+000
 -8.9491000e+000 -1.6669000e+000
 -8.7690000e+000  4.4356000e+000
  5.0594000e+000 -4.9721000e+000
  3.8725000e-001 -7.7669000e+000
  3.6352000e+000 -6.3621000e+000
  2.1870000e+000  4.8610000e+000
 -9.0604000e-001  4.5350000e+000
 -7.9150000e+000 -3.9883000e+000
  4.6392000e+000 -5.5243000e+000
  5.4794000e+000  1.0179000e+001
 -8.0886000e+000  5.8823000e+000
 -8.4546000e+000 -2.7667000e+000
 -8.3552000e+000  5.4756000e+000
  4.5450000e+000  1.0509000e+001
 -1.7292000e+000 -7.6820000e+000
  9.8208000e-001  1.1232000e+001
  1.2913000e-001  1.1026000e+001
 -3.2887000e+000  1.0263000e+001
 -2.9675000e+000  2.2262000e+000
  2.3796000e+000 -7.1065000e+000
  5.4654000e+000 -4.4586000e+000
 -9.3995000e+000  4.0029000e-001
  2.7570000e+000  4.6327000e+000
  1.6007000e+000 -7.4879000e+000
 -1.8439000e+000  1.0779000e+001
  6.3960000e+000 -1.7060000e+000
 -3.0955000e+000  5.4232000e-001
  5.9145000e+000  1.0056000e+001
 -9.1096000e+000 -8.7997000e-001
  6.5469000e+000 -1.2517000e+000
 -2.4028000e+000 -7.7008000e+000
 -7.7528000e+000  6.4479000e+000
 -8.1325000e+000 -3.6165000e+000
 -2.3243000e+000 -7.7576000e+000
 -9.1869000e+000 -1.1428000e+000
  5.2263000e+000  2.7406000e+000
 -4.7696000e+000  9.5038000e+000
 -4.2531000e+000  9.7750000e+000
 -5.1529000e+000 -6.6803000e+000
 -7.1631000e+000  7.4563000e+000
 -2.3936000e-001 -7.8021000e+000
 -8.0083000e+000  6.0096000e+000
  3.8506000e+000  4.0667000e+000
 -6.2084000e+000 -5.9412000e+000
 -9.3081000e+000  2.6561000e+000
  3.8119000e+000  4.1708000e+000
 -2.3570000e+000  3.3215000e+000
  3.6384000e+000 -6.3650000e+000
 -2.7229000e+000 -7.5143000e+000
 -7.0190000e+000  7.5082000e+000
  2.3506000e+000  4.7017000e+000
  2.7900000e-001  1.1143000e+001
  6.3892000e+000  3.1849000e-001
  1.2976000e+000 -7.5556000e+000
 -1.3755000e+000 -7.8280000e+000
  4.3999000e+000  1.0649000e+001
  5.1507000e+000  3.0793000e+000
 -6.8814000e-001  1.1030000e+001
 -7.9857000e+000 -4.0082000e+000
  4.5165000e+000 -5.7733000e+000
  2.6154000e-001  1.1032000e+001
 -7.6644000e+000 -4.3073000e+000
 -3.8476000e+000 -7.2420000e+000
 -4.8055000e+000  9.3360000e+000
  2.3687000e+000 -7.0008000e+000
  4.3525000e+000  1.0594000e+001
 -7.9498000e+000 -3.7220000e+000
 -6.4786000e+000  7.9753000e+000
 -8.9900000e+000  3.4495000e+000
  6.1000000e+000  1.2541000e+000
 -3.4110000e+000  1.0129000e+001
 -1.6589000e+000  1.0723000e+001
 -3.0665000e+000  1.6347000e+000
 -9.3255000e+000 -3.4778000e-001
  6.1324000e+000 -3.1698000e+000
 -7.3668000e+000  7.0567000e+000
 -5.1811000e+000 -6.6276000e+000
 -5.4510000e+000  8.9151000e+000
 -6.9815000e+000 -5.1157000e+000
 -9.1173000e+000 -1.4931000e+000
  6.4204000e+000  4.2305000e-001
  2.1788000e+000 -7.1937000e+000
  5.4043000e+000 -4.5447000e+000
 -2.4178000e+000  1.0531000e+001
  4.4169000e+000  1.0617000e+001
 -9.2942000e+000  1.9637000e-001
 -1.5599000e-001  1.1096000e+001
  4.7876000e+000  1.0448000e+001
 -9.3570000e+000  1.5430000e+000
 -5.2273000e+000  9.1388000e+000
 -2.4869000e-001 -7.7128000e+000
 -4.8612000e+000 -6.6947000e+000
 -2.2932000e+000  3.3755000e+000
 -5.0651000e+000  9.2342000e+000
  3.0047000e+000 -6.7478000e+000
 -2.5397000e+000  1.0571000e+001
  5.4898000e+000  1.0340000e+001
 -4.8804000e+000 -6.7121000e+000
  2.6401000e+000 -6.9518000e+000
 -2.8269000e+000  2.8338000e+000
  1.0886000e+000  1.1074000e+001
 -8.6758000e+000  4.8231000e+000
 -2.2499000e+000 -7.7358000e+000
  4.2293000e+000  1.0782000e+001
 -8.2050000e+000  5.7614000e+000
 -9.3653000e+000  2.0504000e+000
 -6.4087000e+000 -5.6067000e+000
 -1.0852000e+000  1.0948000e+001
 -2.4893000e+000  3.1467000e+000
 -4.3698000e+000 -7.1207000e+000
  4.8888000e+000 -5.1972000e+000
  5.7671000e+000  1.9670000e+000
  3.7534000e+000  4.0896000e+000
  2.4142000e-001  1.1040000e+001
 -1.8529000e+000  3.8269000e+000
  3.5364000e+000  1.0887000e+001
 -8.7201000e+000  4.6380000e+000
 -2.1748000e+000 -1.1302000e+000
 -1.2538000e+000 -1.6788000e+000
 -2.3114000e+000  1.0498000e+001
 -4.0795000e+000 -7.2660000e+000
 -3.2542000e+000  1.0158000e+001
  6.2800000e+000  3.2036000e-001
 -4.8035000e+000  9.3620000e+000
  6.4632000e+000 -1.4869000e+000
  5.6898000e+000  1.0173000e+001
  2.4491000e+000  1.1078000e+001
 -7.8906000e+000 -3.8784000e+000
  1.0477000e+000  1.1168000e+001
 -9.3229000e+000  7.4176000e-001
 -6.0288000e+000  8.3928000e+000
 -8.4283000e+000 -3.1478000e+000
  5.5637000e+000  2.2137000e+000
  5.9778000e-001  1.1043000e+001
 -6.5489000e+000 -5.5628000e+000
  5.7385000e+000  1.0049000e+001
  1.4001000e+000 -7.5220000e+000
  6.1041000e+000  1.1871000e+000
 -7.8489000e+000  6.0857000e+000
  4.7295000e+000 -5.3566000e+000
  1.4338000e+000  4.8448000e+000
 -3.2666000e-001  1.1118000e+001
 -8.9293000e+000  4.1491000e+000
  2.6056000e+000  1.0965000e+001
 -1.1136000e+000 -7.7589000e+000
 -4.3138000e+000  9.6869000e+000
 -4.9255000e+000  9.3345000e+000
  2.5017000e+000 -7.1130000e+000
  1.0946000e+000  1.1179000e+001
  5.7325000e+000 -4.0224000e+000
  4.3946000e+000  3.5523000e+000
 -3.4418000e+000 -7.4489000e+000
  6.4088000e+000 -1.1780000e+000
 -8.3185000e-001 -1.6836000e+000
 -9.2159000e+000 -3.2225000e-001
 -9.2289000e+000  2.2573000e+000
 -9.3316000e+000  2.2740000e+000
 -9.1488000e+000  3.4238000e+000
 -2.5184000e+000  1.0599000e+001
 -3.1136000e+000  1.3532000e+000
 -9.0369000e+000  3.4689000e+000
 -8.5541000e+000 -2.8565000e+000
 -8.9408000e+000  4.0699000e+000
  2.3689000e-002  1.1103000e+001
  6.2112000e+000 -2.5854000e+000
 -1.9398000e+000  3.7445000e+000
  4.7201000e+000 -5.2988000e+000
 -5.5921000e+000  8.6847000e+000
 -5.7179000e+000 -6.1707000e+000
 -2.3300000e+000 -7.7475000e+000
  4.5851000e+000  3.4226000e+000
  6.2955000e+000 -2.5667000e+000
 -9.0495000e+000  3.7222000e+000
 -4.3708000e+000  9.7396000e+000
 -8.6409000e+000  4.9389000e+000
 -8.6577000e+000 -2.5226000e+000
  5.5000000e+000  1.0133000e+001
 -3.6998000e+000 -7.2795000e+000
 -5.3451000e+000 -6.4207000e+000
  6.0423000e+000 -3.1509000e+000
 -9.2460000e+000  2.0113000e+000
 -4.7285000e-001 -7.8314000e+000
  5.3864000e+000 -4.6722000e+000
 -9.1012000e+000 -9.9917000e-001
 -5.5032000e+000  8.7587000e+000
  4.3153000e+000  1.0601000e+001
 -6.4349000e+000  8.1147000e+000
 -9.0840000e+000 -1.2502000e+000
 -2.9511000e+000 -7.6084000e+000
  3.7617000e+000  3.9920000e+000
  6.0871000e+000  8.5943000e-001
 -8.7585000e+000  4.6500000e+000
  3.5598000e+000  1.0920000e+001
 -9.3707000e+000  7.5019000e-001
 -1.8443000e-001  1.1101000e+001
  6.2503000e+000  5.6316000e-001
 -8.9524000e+000  3.5755000e+000
  4.7116000e+000 -5.3400000e+000
 -2.9770000e+000  7.4078000e-002
 -4.2433000e+000  9.6952000e+000
 -2.0485000e+000 -7.8136000e+000
 -6.6513000e-001  4.4646000e+000
  2.2437000e+000  1.1016000e+001
  5.0036000e-001 -7.7595000e+000
 -8.8883000e+000 -2.0528000e+000
  6.4249000e+000 -9.6256000e-001
 -9.3642000e+000  1.9057000e+000
  1.9903000e+000 -7.2593000e+000
 -4.8685000e+000 -6.7051000e+000
 -5.4224000e-002 -7.7861000e+000
  3.8532000e+000 -6.2638000e+000
  6.1294000e+000 -2.6675000e+000
 -6.4989000e+000  7.9682000e+000
  6.3718000e+000 -1.0428000e+000
  3.7002000e+000  1.0811000e+001
  1.6083000e+000  1.1087000e+001
  6.1107000e+000 -3.1542000e+000
  6.3004000e+000  1.5843000e-001
  6.4913000e+000 -1.6585000e+000
  6.4251000e+000 -1.3552000e+000
  6.3723000e+000 -1.0041000e+000
 -1.6848000e+000 -7.8687000e+000
 -3.9161000e+000  9.8879000e+000
 -9.2234000e+000 -2.4086000e-001
  5.8188000e+000  2.1249000e+000
 -4.7346000e+000  9.3835000e+000
  5.0983000e+000  1.0387000e+001
  3.4750000e+000  4.1773000e+000
 -2.4632000e+000  1.0603000e+001
  6.4685000e+000 -7.9806000e-001
 -1.1179000e+000 -7.7592000e+000
  4.3359000e+000 -5.6261000e+000
 -2.0568000e+000 -7.8190000e+000
  4.0793000e+000 -5.8728000e+000
 -2.1927000e-002  4.7935000e+000
 -9.1623000e+000  2.8937000e+000
 -2.9201000e+000  2.2652000e+000
  5.9503000e+000  1.6629000e+000
 -5.6385000e+000 -6.1396000e+000
  6.0579000e+000 -3.1519000e+000
 -1.2204000e+000 -7.7438000e+000
 -9.0239000e+000 -1.4730000e+000
 -2.8680000e+000  2.2771000e+000
 -4.2459000e-001  1.0996000e+001
 -2.0616000e+000  1.0606000e+001
 -9.9410000e-001  4.3483000e+000
  5.1436000e+000  2.9315000e+000
 -2.2987000e+000 -1.0601000e+000
 -8.8712000e+000 -1.9031000e+000
 -8.5501000e+000  4.9748000e+000
 -6.9817000e+000  7.5410000e+000
  6.2540000e+000  7.0595000e-001
  4.0001000e+000  1.0685000e+001
 -4.8858000e+000 -6.7123000e+000
 -2.3835000e+000  3.2987000e+000
  5.2318000e+000  2.9642000e+000
  3.6440000e+000 -6.4062000e+000
 -8.3699000e-001  1.1023000e+001
 -3.0165000e+000  1.8751000e+000
  2.7769000e+000 -6.8877000e+000
 -9.3104000e+000  1.1070000e+000
 -3.8393000e+000  1.0036000e+001
 -3.0011000e+000  1.8655000e+000
 -5.5976000e+000  8.8494000e+000
 -2.9132000e+000  2.4225000e+000
  5.4307000e+000 -4.5125000e+000
  6.1710000e+000 -3.0953000e+000
  1.0303000e+000  1.1046000e+001
 -9.2005000e+000 -8.5867000e-001
 -5.9117000e+000 -6.1022000e+000
 -7.7960000e+000  6.5411000e+000
  9.9400000e-001  4.9321000e+000
 -7.1102000e-001  1.1049000e+001
 -7.0313000e+000 -5.0158000e+000
 -1.4751000e+000 -1.5390000e+000
  4.2829000e+000  3.6866000e+000
  6.2451000e+000 -2.4679000e+000
 -3.0988000e+000  1.5072000e+000
 -9.0960000e+000  3.6003000e+000
 -3.0689000e+000  3.9903000e-001
 -5.7656000e+000 -6.1464000e+000
 -4.8498000e+000 -6.8366000e+000
  5.9628000e+000 -3.4838000e+000
 -8.9577000e+000 -1.7978000e+000
  5.7580000e+000 -3.9578000e+000
  1.4451000e+000  1.1118000e+001
 -1.5507000e+000 -1.5590000e+000
 -8.3664000e+000 -3.2857000e+000
  1.8550000e+000 -7.3592000e+000
  1.7256000e+000 -7.2498000e+000
 -2.8694000e+000 -3.4737000e-001
 -8.9073000e+000  3.8293000e+000
 -7.9692000e+000 -3.8618000e+000
 -6.7255000e+000  7.9020000e+000
 -5.6384000e+000  8.8196000e+000
  6.3921000e+000 -1.2704000e+000
  5.9452000e+000  1.6876000e+000
  1.9447000e+000 -7.2351000e+000
 -8.2456000e+000  5.5649000e+000
  2.0902000e+000  4.7714000e+000
 -1.7397000e+000 -7.7653000e+000
 -2.6022000e+000 -7.9244000e-001
 -1.8351000e+000  3.9118000e+000
 -8.4377000e+000  5.0923000e+000
 -4.9824000e+000  9.3400000e+000
  8.6937000e-001  1.1201000e+001
  9.0195000e-001  1.1110000e+001
 -9.3405000e+000  3.7702000e-001
  2.4500000e+000  4.6946000e+000
 -2.3262000e+000  3.2725000e+000
 -6.2765000e+000  8.2373000e+000
 -7.6056000e+000  6.8529000e+000
 -9.2426000e+000  1.9610000e-001
 -7.9060000e+000  6.0492000e+000
  6.0203000e+000  1.4810000e+000
 -5.3615000e+000  8.9779000e+000
  4.5590000e+000  1.0519000e+001
 -1.2629000e+000 -7.8366000e+000
  6.4799000e+000 -1.2959000e+000
 -4.8438000e+000 -6.7380000e+000
 -9.2130000e+000  2.7965000e+000
 -2.4510000e+000  1.0586000e+001
  2.9323000e+000  1.0903000e+001
  2.1701000e+000  4.7075000e+000
 -8.7073000e+000  4.4700000e+000
 -1.2106000e+000  4.1640000e+000
  3.5198000e-001  4.7696000e+000
  2.4304000e+000  4.7470000e+000
 -6.4758000e+000 -5.6380000e+000
 -4.8470000e+000 -6.8446000e+000
 -2.8202000e+000 -7.5070000e+000
 -5.2818000e+000  9.1242000e+000
 -7.1570000e+000 -5.0331000e+000
 -9.2451000e+000  2.7822000e+000
 -4.9740000e+000 -6.8010000e+000
  3.8867000e+000 -6.2023000e+000
  6.3729000e+000 -2.0885000e+000
  4.3771000e+000  1.0708000e+001
  6.3164000e+000 -2.4637000e+000
 -5.5448000e+000  8.7423000e+000
 -5.5638000e+000 -6.2762000e+000
  4.4497000e+000 -5.7016000e+000
 -9.2395000e+000 -3.8851000e-001
 -1.6710000e+000 -1.4870000e+000
 -2.3640000e+000  3.4295000e+000
  1.3096000e+000  1.1187000e+001
  6.8583000e-001  1.1194000e+001
 -3.6705000e+000  1.0031000e+001
  1.0305000e+000  1.1118000e+001
 -9.1179000e+000  3.3838000e+000
 -6.1937000e+000  8.3864000e+000
 -8.7526000e+000  4.1452000e+000
  5.9601000e+000  1.7437000e+000
 -3.2758000e+000 -7.4594000e+000
 -5.6226000e+000  8.7111000e+000
 -7.5141000e-001 -1.7795000e+000
 -8.0568000e+000 -3.7357000e+000
 -1.9618000e+000 -7.7631000e+000
 -2.4972000e+000  2.9757000e+000
 -2.4563000e+000 -7.5628000e+000
 -3.2122000e+000  1.0268000e+001
 -9.2144000e+000 -1.6311000e-001
 -7.6059000e+000  6.6745000e+000
  2.2855000e+000  1.1069000e+001
  4.3079000e+000 -5.9323000e+000
 -7.4418000e+000  6.9410000e+000
 -1.3244000e+000  1.0828000e+001
 -2.1105000e+000 -7.6984000e+000
 -6.7327000e+000 -5.2830000e+000
 -9.3011000e+000  1.8272000e+000
 -4.1775000e+000 -7.1223000e+000
  5.3092000e+000  2.6988000e+000
  6.4462000e+000  1.4985000e-002
