  8.6913000e-001 -1.0855000e+001
  6.5403000e+000  6.0269000e+000
 -1.3752000e+000  7.7222000e+000
  8.5313000e-001 -1.0797000e+001
 -6.2823000e+000  1.4970000e+000
 -4.1519000e+000 -3.5112000e+000
  9.4543000e+000 -1.9155000e+000
 -6.1730000e+000  2.0610000e+000
 -3.9011000e+000 -3.7775000e+000
 -5.7403000e+000  3.4439000e+000
 -5.2428000e+000  4.6564000e+000
  1.7740000e+000  1.7144000e+000
 -6.2134000e+000  4.2853000e-001
  9.3185000e+000 -2.6799000e+000
 -4.6816000e+000 -1.0310000e+001
 -6.1759000e+000  2.1416000e+000
  9.4941000e+000  3.3311000e-001
 -4.1145000e+000 -1.0519000e+001
  5.5836000e+000  6.6258000e+000
 -5.0144000e+000  4.8228000e+000
  9.3186000e+000  1.7019000e+000
  7.8845000e+000  4.5681000e+000
 -2.1182000e+000 -4.5921000e+000
  8.0451000e+000  4.1050000e+000
 -3.2970000e+000 -4.0838000e+000
 -6.1605000e+000  2.3019000e+000
  7.3163000e+000  5.1696000e+000
  4.7712000e+000 -9.3460000e+000
  8.5346000e+000 -5.3691000e+000
  6.0337000e+000  6.2739000e+000
  2.6838000e-001 -1.0964000e+001
 -2.9148000e+000 -1.0795000e+001
  3.9546000e+000  7.4761000e+000
 -5.5065000e+000  4.0848000e+000
 -1.5733000e+000 -1.0884000e+001
  5.7774000e+000  6.6088000e+000
  1.1931000e+000 -1.0672000e+001
 -6.0654000e+000 -6.0133000e-001
 -9.1733000e-001 -4.6624000e+000
 -1.6429000e+000 -4.5926000e+000
  8.7552000e+000  2.9491000e+000
  4.2099000e+000  7.4520000e+000
 -1.3689000e+000  7.5827000e+000
  7.2305000e+000 -7.1195000e+000
  3.5843000e+000  7.5747000e+000
  8.7285000e+000 -4.7478000e+000
 -1.8378000e+000 -1.1004000e+001
  4.2656000e+000 -9.6203000e+000
  3.4426000e+000 -1.4059000e+000
 -3.8300000e+000 -1.0564000e+001
  5.7943000e-001 -1.0901000e+001
  9.6063000e+000 -7.5724000e-001
  2.3710000e+000  1.4674000e+000
 -4.4820000e+000 -1.0441000e+001
 -6.8643000e-001  7.8684000e+000
  1.2686000e-001  7.9053000e+000
  6.4083000e+000  5.9198000e+000
  8.0559000e+000  4.1514000e+000
 -3.4488000e+000 -1.0558000e+001
  2.3966000e+000 -1.0340000e+001
  4.7336000e+000  7.1582000e+000
  1.2407000e+000 -1.0767000e+001
 -4.4351000e-001  7.8182000e+000
  3.0538000e+000 -2.1534000e+000
 -4.8024000e+000  5.1719000e+000
 -4.2835000e+000  5.8915000e+000
  3.9308000e+000  7.4121000e+000
  5.4315000e+000  6.8323000e+000
  8.7109000e+000 -4.7769000e+000
 -1.7172000e+000  7.4172000e+000
 -2.4289000e+000 -1.0804000e+001
 -5.9008000e+000  3.0450000e+000
  7.6655000e+000 -6.6350000e+000
 -6.3818000e-001 -1.0836000e+001
  8.9069000e+000  2.2658000e+000
 -5.1711000e-001 -1.1005000e+001
  2.7902000e+000 -2.6234000e+000
  8.2767000e+000  3.7756000e+000
  1.1180000e+000  1.9474000e+000
 -3.7168000e+000 -3.8058000e+000
  6.4419000e-001  7.9317000e+000
 -6.1529000e+000  7.7734000e-001
  7.4579000e+000  4.8184000e+000
 -4.7187000e+000  5.3781000e+000
  8.6605000e+000 -4.8992000e+000
  8.9636000e+000  2.3066000e+000
 -6.2173000e+000  1.1508000e+000
  2.4771000e+000 -3.1601000e+000
  1.2747000e+000  1.9800000e+000
 -5.3404000e+000 -2.0672000e+000
  5.6096000e+000  6.7604000e+000
  9.3975000e+000  4.6715000e-001
 -1.6486000e+000 -4.6114000e+000
 -2.4204000e+000 -4.4621000e+000
 -4.6134000e+000  5.4921000e+000
  8.7982000e-001 -4.3683000e+000
  6.5112000e-001  8.0894000e+000
 -5.6058000e+000  3.7271000e+000
  9.6403000e+000 -2.9620000e-001
 -6.1233000e+000 -2.6225000e-001
  9.6083000e+000 -1.6785000e+000
 -5.5672000e+000 -1.9203000e+000
  4.6385000e-001 -4.5952000e+000
 -1.1328000e+000 -1.0915000e+001
  8.3567000e+000  3.7004000e+000
  1.3525000e+000  8.0747000e+000
 -7.5562000e-001 -4.6305000e+000
  8.1948000e+000  4.0248000e+000
 -7.5725000e-001 -4.7567000e+000
 -6.2053000e+000  7.7273000e-001
 -2.6385000e+000 -4.3624000e+000
 -3.9584000e+000  6.2650000e+000
 -2.8919000e+000  6.9052000e+000
 -1.8017000e+000 -1.0949000e+001
  6.4170000e-001 -1.0814000e+001
  5.9042000e+000 -8.5414000e+000
  1.8073000e+000 -3.8790000e+000
  1.3824000e+000  8.0267000e+000
 -6.8585000e-002  8.0098000e+000
  9.8466000e-001  8.0538000e+000
 -4.1980000e+000 -1.0471000e+001
 -6.2820000e+000  9.6409000e-001
 -5.3550000e-001 -4.6947000e+000
  5.4540000e+000 -9.0376000e+000
  3.3284000e+000 -1.7930000e+000
 -3.4231000e+000 -1.0687000e+001
  5.3750000e+000 -9.0080000e+000
 -3.5850000e+000 -1.0565000e+001
  6.9043000e+000 -7.6553000e+000
  9.4342000e+000  9.9152000e-001
 -5.0174000e+000 -1.0208000e+001
  8.4824000e+000  3.6353000e+000
  5.7366000e+000  6.4757000e+000
 -6.2900000e+000  1.9690000e+000
 -5.6686000e+000 -1.6820000e+000
  5.5680000e+000  6.6937000e+000
  8.7404000e+000 -5.0332000e+000
 -4.9249000e+000 -1.0154000e+001
 -3.6033000e+000  6.5255000e+000
 -6.0349000e+000 -1.3560000e-001
 -3.1352000e+000  6.7342000e+000
  7.6842000e-001 -4.5342000e+000
  9.5698000e+000 -3.9743000e-001
 -1.0696000e+000  7.6734000e+000
  7.5962000e-001 -1.0829000e+001
  1.7457000e+000  7.9171000e+000
  4.5878000e-001 -1.0881000e+001
 -6.2700000e+000  1.6644000e-001
  5.4962000e+000 -8.7954000e+000
  2.3185000e+000 -1.0471000e+001
  1.8139000e+000  8.0621000e+000
  9.1662000e+000  2.0265000e+000
  6.8867000e-001 -4.5090000e+000
 -6.1756000e+000  1.9214000e+000
  9.2067000e+000  1.7474000e+000
  6.9904000e+000  5.5522000e+000
 -9.0562000e-001 -1.0983000e+001
  9.5303000e+000 -2.3622000e+000
  5.9395000e+000  6.3398000e+000
  9.4834000e+000 -6.0291000e-001
  1.1464000e+000 -4.3293000e+000
  3.4356000e+000 -1.3809000e+000
  7.3389000e+000 -7.0533000e+000
 -4.1153000e+000  6.0664000e+000
  2.4050000e+000 -3.4069000e+000
 -1.4676000e+000 -1.0999000e+001
  2.8567000e+000 -2.5370000e+000
  2.2592000e+000 -3.3951000e+000
  8.6690000e+000  2.9518000e+000
  2.6833000e+000  7.9743000e+000
  3.3956000e+000 -1.5375000e-001
  3.2095000e+000 -2.2230000e+000
 -6.1641000e+000  9.8844000e-001
 -1.8926000e+000 -4.5080000e+000
  9.6003000e+000 -3.7532000e-001
  4.7226000e+000  7.1207000e+000
 -7.5285000e-001 -4.7648000e+000
  2.3485000e+000  7.8693000e+000
 -1.4398000e-001 -1.0932000e+001
  8.5474000e+000  3.4789000e+000
  8.1794000e+000 -5.9120000e+000
 -4.6258000e+000 -1.0281000e+001
  9.1600000e+000  2.1639000e+000
  6.1544000e+000  6.1881000e+000
  7.4558000e+000  5.1020000e+000
  9.2876000e+000  1.1814000e+000
  6.9902000e+000 -7.5768000e+000
  9.3803000e+000  1.4115000e+000
  8.3073000e+000 -5.6629000e+000
  2.4291000e+000  7.9479000e+000
  9.6046000e+000 -1.1862000e+000
 -4.8167000e+000 -2.7754000e+000
  1.3437000e+000 -1.0732000e+001
 -6.1494000e+000  1.9354000e+000
 -2.4227000e+000  7.1899000e+000
 -4.9258000e+000  5.0409000e+000
 -3.9206000e+000 -1.0494000e+001
 -5.3923000e+000 -1.9333000e+000
  1.6244000e-001 -4.4933000e+000
  9.1203000e+000 -4.0098000e+000
  3.0852000e-001 -4.5178000e+000
 -5.6421000e+000 -1.4643000e+000
  9.3646000e+000  1.1291000e+000
  8.7229000e+000 -4.9289000e+000
  4.7510000e-001 -1.0809000e+001
  9.2944000e+000  1.3192000e+000
  2.1438000e+000 -1.0551000e+001
  9.4299000e+000 -3.0285000e+000
  6.1293000e+000 -8.3716000e+000
  7.5983000e+000  4.7972000e+000
  1.5695000e+000  1.9561000e+000
 -5.6457000e+000 -1.4574000e+000
  2.6156000e+000  7.8384000e+000
  8.3988000e+000  3.7447000e+000
 -7.9981000e-001  7.8977000e+000
  9.4887000e+000 -1.2466000e+000
  9.0854000e+000  2.3470000e+000
  6.8317000e+000 -7.6293000e+000
 -4.7229000e+000 -2.8563000e+000
  6.2132000e+000  6.2636000e+000
 -9.3481000e-001  7.8268000e+000
 -4.4788000e+000 -1.0437000e+001
 -2.1189000e+000 -1.0869000e+001
  3.8561000e-001 -1.0824000e+001
  2.8787000e+000  7.7705000e+000
  7.4362000e+000 -6.9932000e+000
 -6.5574000e-001 -1.0960000e+001
 -1.4717000e+000  7.6498000e+000
 -1.1587000e+000 -4.6737000e+000
  7.0328000e+000  5.4741000e+000
 -3.3136000e+000  6.7590000e+000
  2.9188000e+000 -1.0274000e+001
 -5.1744000e+000 -2.3708000e+000
 -5.8727000e+000 -9.3456000e-001
  7.2608000e+000  5.0760000e+000
  1.2279000e+000 -4.1175000e+000
 -6.3495000e+000  1.1900000e+000
  9.6071000e+000 -4.9445000e-001
 -6.8153000e-001 -4.6830000e+000
  9.4586000e+000  1.0332000e+000
  4.7601000e-001 -1.0927000e+001
  5.4673000e+000  6.8038000e+000
 -4.5146000e+000  5.5259000e+000
  7.0111000e+000 -7.5439000e+000
 -3.1703000e+000 -1.0724000e+001
  9.6464000e+000 -1.1699000e+000
  5.3245000e+000  6.8892000e+000
  2.4311000e+000  7.8954000e+000
 -5.2917000e+000 -2.2898000e+000
  2.8337000e+000  7.7629000e+000
  5.4231000e+000  6.7433000e+000
  2.2656000e+000 -1.0545000e+001
  8.5686000e+000 -5.2580000e+000
  9.4593000e+000  2.8617000e-001
  9.1913000e-001 -4.4098000e+000
 -7.1544000e-001 -4.6326000e+000
  8.7852000e+000  2.8113000e+000
  3.9658000e+000  7.5331000e+000
  7.9094000e+000  4.3853000e+000
  3.4731000e+000 -1.2145000e+000
  8.8588000e+000  2.6175000e+000
  9.6309000e+000 -1.7828000e-001
  5.1253000e+000  6.9919000e+000
 -4.0765000e+000 -3.5730000e+000
  7.3568000e+000 -7.1836000e+000
  5.7500000e+000 -8.8025000e+000
 -5.3125000e+000  4.3713000e+000
  6.2559000e+000  6.1993000e+000
 -6.3538000e+000  9.2234000e-001
 -5.4724000e+000 -1.9731000e+000
  4.8439000e+000 -9.3343000e+000
  2.2833000e+000 -3.3112000e+000
 -5.6854000e+000 -1.7238000e+000
 -4.2504000e+000 -1.0412000e+001
  8.7198000e+000  2.9594000e+000
  9.0585000e+000  2.4099000e+000
 -2.8710000e+000 -1.0745000e+001
  1.3984000e-001 -4.5775000e+000
  1.1632000e+000 -1.0827000e+001
  4.0921000e-001 -1.0856000e+001
 -6.0000000e+000 -5.7947000e-001
 -4.3233000e+000 -3.2282000e+000
  9.6446000e+000 -1.2379000e+000
 -4.9407000e+000 -2.6919000e+000
 -1.0829000e+000 -4.6855000e+000
 -1.9266000e+000  7.3418000e+000
  3.1341000e-001  7.9582000e+000
  7.3936000e-001 -4.3874000e+000
  9.2172000e+000 -3.3893000e+000
  7.9671000e+000  4.3880000e+000
 -4.9941000e+000 -1.0134000e+001
 -6.0436000e+000 -7.3491000e-001
 -1.1901000e+000 -1.0933000e+001
  9.4758000e+000 -2.3066000e+000
  7.6900000e+000 -6.7008000e+000
 -1.1655000e+000  7.7158000e+000
  4.5688000e+000  7.1024000e+000
 -4.3515000e-001 -4.7068000e+000
  8.3822000e-001 -1.0752000e+001
  2.9870000e+000  7.7192000e+000
  9.4614000e+000 -2.5041000e+000
  8.1200000e+000 -5.8442000e+000
 -5.6410000e+000  4.0947000e+000
  9.0879000e+000  1.8565000e+000
 -1.5730000e+000  7.5129000e+000
  5.5792000e+000 -8.7695000e+000
  1.9999000e+000 -3.7570000e+000
 -5.3567000e+000 -1.0127000e+001
  6.3958000e+000 -8.0304000e+000
  1.8391000e+000  1.7830000e+000
  6.2440000e-001 -1.0844000e+001
  1.9597000e+000 -1.0529000e+001
  9.0161000e+000 -4.2245000e+000
  7.4624000e-001 -1.0861000e+001
  4.1521000e+000  7.4480000e+000
 -1.6502000e+000  7.4837000e+000
  1.2257000e+000 -4.1155000e+000
 -5.5204000e+000 -1.0000000e+001
  1.7254000e+000 -1.0699000e+001
  2.5805000e-001  1.7936000e+000
  9.2243000e+000 -3.2959000e+000
  9.5597000e+000 -1.8479000e+000
  9.4154000e-001  8.0396000e+000
  4.7088000e+000  7.0930000e+000
 -4.9258000e-001  7.7948000e+000
  3.2948000e+000  7.7582000e+000
  3.2413000e+000 -1.0144000e-001
  1.7558000e+000  7.9114000e+000
 -2.7938000e-001 -4.7466000e+000
  3.3640000e+000 -1.6542000e+000
  8.2700000e+000  3.9642000e+000
  9.3225000e+000  8.2847000e-001
  7.9490000e+000 -6.4473000e+000
 -6.0977000e+000  2.2157000e+000
  8.2344000e+000 -5.6948000e+000
  8.6878000e+000 -5.0142000e+000
  6.1920000e+000  6.2393000e+000
  3.2169000e-001 -1.0913000e+001
  6.2340000e+000 -8.1809000e+000
  5.7911000e+000  6.5055000e+000
  7.0039000e+000 -7.3755000e+000
  9.4067000e+000 -2.5504000e+000
 -4.5111000e+000 -1.0412000e+001
 -1.1373000e+000 -4.7992000e+000
  1.6447000e+000 -1.0661000e+001
  8.6326000e+000  3.2821000e+000
 -1.3872000e+000 -4.6199000e+000
 -3.9994000e+000 -1.0420000e+001
  3.3070000e+000 -1.0183000e+001
  2.5022000e+000 -3.1331000e+000
 -5.6971000e+000  3.5659000e+000
  8.0871000e-001  8.0032000e+000
  9.5597000e+000 -2.0206000e-001
 -1.1012000e+000 -1.0914000e+001
  1.1598000e+000  8.0323000e+000
  8.6684000e+000 -5.0410000e+000
 -4.0336000e+000 -1.0485000e+001
  2.3963000e+000  7.8422000e+000
  9.5804000e+000 -6.6098000e-001
 -9.6694000e-002 -1.0862000e+001
  1.6752000e+000 -1.0750000e+001
 -2.9564000e+000 -4.2936000e+000
 -5.6652000e+000 -1.3308000e+000
  9.4468000e+000  2.2829000e-001
  6.5373000e+000 -8.0869000e+000
 -6.2974000e+000  1.6619000e+000
 -1.7001000e+000  7.4123000e+000
 -3.2042000e+000  6.5939000e+000
  3.5937000e+000  7.5604000e+000
 -4.6789000e+000 -3.0597000e+000
  7.5692000e+000 -6.6439000e+000
  1.3790000e-001 -4.6383000e+000
  5.4497000e-001 -1.0815000e+001
  1.3196000e+000 -4.0714000e+000
  6.1911000e+000 -8.1856000e+000
  2.7939000e+000 -1.0200000e+001
  3.3663000e+000  7.6883000e+000
  9.3188000e+000  1.2454000e+000
 -2.6001000e+000  7.1003000e+000
  7.1913000e+000 -7.4088000e+000
  8.9994000e+000  2.0366000e+000
  9.3330000e+000  8.2809000e-001
  3.1647000e+000 -1.0073000e+001
  3.7353000e+000  7.6882000e+000
  9.6675000e-001 -1.0765000e+001
  5.6740000e+000  6.7035000e+000
  9.5509000e+000  1.0563000e-001
  8.5192000e+000  3.4823000e+000
  8.3310000e+000 -5.5771000e+000
  8.0207000e+000  4.2687000e+000
  5.9881000e+000 -8.3150000e+000
  3.0824000e+000  7.7675000e+000
 -8.2647000e-001 -1.1021000e+001
  1.0392000e+000 -4.3678000e+000
 -5.5852000e+000 -9.9532000e+000
  8.1546000e+000 -5.8950000e+000
  8.3819000e+000  3.8445000e+000
 -3.0468000e+000 -4.1914000e+000
  3.3908000e+000 -1.0066000e+001
  8.3070000e+000 -5.7437000e+000
  1.3356000e+000  8.0342000e+000
 -5.8503000e+000  3.2766000e+000
 -4.5767000e+000  5.5262000e+000
  9.0179000e+000  2.5824000e+000
  9.1079000e+000 -3.8286000e+000
  1.9256000e+000 -1.0459000e+001
 -6.0299000e+000 -8.0396000e-001
  6.3807000e+000  6.1730000e+000
  1.7961000e+000  7.9467000e+000
 -6.2445000e+000  1.0207000e+000
  7.2047000e+000 -7.1832000e+000
  5.6408000e+000 -8.6590000e+000
 -7.7408000e-001  7.8435000e+000
 -4.4316000e+000  5.7385000e+000
  5.0583000e+000  7.0638000e+000
 -5.7808000e+000  3.6899000e+000
 -3.9509000e+000 -3.6513000e+000
 -1.6284000e-001  7.9950000e+000
 -5.6129000e+000  4.1026000e+000
 -6.2705000e+000  1.3887000e+000
  9.5146000e+000 -1.1170000e+000
 -3.3018000e+000 -1.0709000e+001
 -5.2286000e+000 -2.3752000e+000
 -5.5744000e-001 -1.0898000e+001
  8.5896000e+000  3.3151000e+000
 -5.4231000e+000 -1.8153000e+000
  8.7794000e+000 -4.5611000e+000
  9.6018000e+000 -1.6499000e+000
 -3.7503000e+000  6.2891000e+000
  7.0355000e+000  5.5471000e+000
  3.2107000e+000  1.0855000e-001
  3.1857000e+000  4.2947000e-001
  5.4014000e+000 -8.8365000e+000
 -4.2735000e-001 -4.7348000e+000
  9.1917000e+000 -3.7583000e+000
  6.4740000e+000 -7.9825000e+000
  5.7399000e+000 -8.6316000e+000
  8.6822000e+000 -4.9650000e+000
 -2.7383000e+000 -1.0885000e+001
 -5.1946000e+000  4.6342000e+000
 -5.5262000e+000 -1.0031000e+001
  8.1871000e+000  3.9652000e+000
  9.5503000e+000 -1.8450000e+000
 -2.6982000e+000 -1.0702000e+001
 -6.2046000e+000  1.6066000e-001
 -4.7562000e+000 -1.0185000e+001
 -4.5827000e+000 -3.2109000e+000
 -2.4557000e+000 -1.0809000e+001
 -3.4141000e+000 -1.0582000e+001
 -4.7088000e+000 -2.9449000e+000
  2.8941000e+000 -2.4544000e+000
 -5.9466000e+000  3.0426000e+000
  7.8482000e+000  4.3388000e+000
  6.5752000e+000 -7.9771000e+000
  9.3301000e+000  1.1844000e+000
 -4.3817000e+000  5.5464000e+000
  2.2781000e+000  7.8975000e+000
  3.1794000e+000 -1.0181000e+001
  9.5627000e+000 -9.0400000e-002
 -5.9262000e+000  3.1881000e+000
  6.6631000e+000  5.7902000e+000
  6.8396000e-001 -1.0791000e+001
 -4.7979000e+000 -2.8471000e+000
  4.3316000e+000 -9.6609000e+000
 -5.0860000e+000 -2.6131000e+000
  3.5732000e-001 -4.5506000e+000
  3.2902000e+000 -4.6236000e-001
  2.2125000e+000  1.5397000e+000
 -3.9434000e+000 -1.0515000e+001
  6.1574000e-001 -1.0925000e+001
  3.1687000e+000 -2.1489000e+000
  9.4857000e+000 -2.6117000e+000
 -4.4993000e+000 -1.0459000e+001
 -6.2182000e+000 -1.9835000e-001
  1.1365000e+000 -4.2569000e+000
 -2.3557000e+000  7.2261000e+000
  7.9482000e+000 -6.1599000e+000
  9.3007000e+000  1.4368000e+000
  3.2673000e+000  7.6272000e+000
 -7.0086000e-001 -1.0997000e+001
  1.2768000e+000  1.9838000e+000
  6.4525000e+000  6.0310000e+000
 -3.1788000e+000 -4.2145000e+000
  6.2055000e+000  6.1877000e+000
  8.6379000e+000  3.2810000e+000
  9.5979000e+000 -9.7876000e-001
 -5.9063000e+000 -9.8629000e-001
 -3.3875000e+000  6.7291000e+000
 -3.8791000e+000  6.0442000e+000
  9.4092000e+000  5.7664000e-001
  9.1292000e+000  1.8768000e+000
  9.2178000e+000 -3.6599000e+000
 -4.3666000e+000 -3.2675000e+000
  9.5099000e+000 -1.6103000e+000
  6.8255000e+000 -7.8488000e+000
 -1.8161000e-001  7.8284000e+000
 -1.6222000e-002  8.0294000e+000
  9.1617000e+000 -3.9970000e+000
 -6.2673000e+000  1.0455000e+000
 -2.8665000e+000 -1.0793000e+001
