0.86913 -10.855 0
6.5403 6.0269 0
-1.3752 7.7222 0
0.85313 -10.797 0
-6.2823 1.497 0
-4.1519 -3.5112 0
9.4543 -1.9155 0
-6.173 2.061 0
-3.9011 -3.7775 0
-5.7403 3.4439 0
-5.2428 4.6564 0
1.774 1.7144 0
-6.2134 0.42853 0
9.3185 -2.6799 0
-4.6816 -10.31 0
-6.1759 2.1416 0
9.4941 0.33311 0
-4.1145 -10.519 0
5.5836 6.6258 0
-5.0144 4.8228 0
9.3186 1.7019 0
7.8845 4.5681 0
-2.1182 -4.5921 0
8.0451 4.105 0
-3.297 -4.0838 0
-6.1605 2.3019 0
7.3163 5.1696 0
4.7712 -9.346 0
8.5346 -5.3691 0
6.0337 6.2739 0
0.26838 -10.964 0
-2.9148 -10.795 0
3.9546 7.4761 0
-5.5065 4.0848 0
-1.5733 -10.884 0
5.7774 6.6088 0
1.1931 -10.672 0
-6.0654 -0.60133 0
-0.91733 -4.6624 0
-1.6429 -4.5926 0
8.7552 2.9491 0
4.2099 7.452 0
-1.3689 7.5827 0
7.2305 -7.1195 0
3.5843 7.5747 0
8.7285 -4.7478 0
-1.8378 -11.004 0
4.2656 -9.6203 0
3.4426 -1.4059 0
-3.83 -10.564 0
0.57943 -10.901 0
9.6063 -0.75724 0
2.371 1.4674 0
-4.482 -10.441 0
-0.68643 7.8684 0
0.12686 7.9053 0
6.4083 5.9198 0
8.0559 4.1514 0
-3.4488 -10.558 0
2.3966 -10.34 0
4.7336 7.1582 0
1.2407 -10.767 0
-0.44351 7.8182 0
3.0538 -2.1534 0
-4.8024 5.1719 0
-4.2835 5.8915 0
3.9308 7.4121 0
5.4315 6.8323 0
8.7109 -4.7769 0
-1.7172 7.4172 0
-2.4289 -10.804 0
-5.9008 3.045 0
7.6655 -6.635 0
-0.63818 -10.836 0
8.9069 2.2658 0
-0.51711 -11.005 0
2.7902 -2.6234 0
8.2767 3.7756 0
1.118 1.9474 0
-3.7168 -3.8058 0
0.64419 7.9317 0
-6.1529 0.77734 0
7.4579 4.8184 0
-4.7187 5.3781 0
8.6605 -4.8992 0
8.9636 2.3066 0
-6.2173 1.1508 0
2.4771 -3.1601 0
1.2747 1.98 0
-5.3404 -2.0672 0
5.6096 6.7604 0
9.3975 0.46715 0
-1.6486 -4.6114 0
-2.4204 -4.4621 0
-4.6134 5.4921 0
0.87982 -4.3683 0
0.65112 8.0894 0
-5.6058 3.7271 0
9.6403 -0.2962 0
-6.1233 -0.26225 0
9.6083 -1.6785 0
-5.5672 -1.9203 0
0.46385 -4.5952 0
-1.1328 -10.915 0
8.3567 3.7004 0
1.3525 8.0747 0
-0.75562 -4.6305 0
8.1948 4.0248 0
-0.75725 -4.7567 0
-6.2053 0.77273 0
-2.6385 -4.3624 0
-3.9584 6.265 0
-2.8919 6.9052 0
-1.8017 -10.949 0
0.6417 -10.814 0
5.9042 -8.5414 0
1.8073 -3.879 0
1.3824 8.0267 0
-0.068585 8.0098 0
0.98466 8.0538 0
-4.198 -10.471 0
-6.282 0.96409 0
-0.5355 -4.6947 0
5.454 -9.0376 0
3.3284 -1.793 0
-3.4231 -10.687 0
5.375 -9.008 0
-3.585 -10.565 0
6.9043 -7.6553 0
9.4342 0.99152 0
-5.0174 -10.208 0
8.4824 3.6353 0
5.7366 6.4757 0
-6.29 1.969 0
-5.6686 -1.682 0
5.568 6.6937 0
8.7404 -5.0332 0
-4.9249 -10.154 0
-3.6033 6.5255 0
-6.0349 -0.1356 0
-3.1352 6.7342 0
0.76842 -4.5342 0
9.5698 -0.39743 0
-1.0696 7.6734 0
0.75962 -10.829 0
1.7457 7.9171 0
0.45878 -10.881 0
-6.27 0.16644 0
5.4962 -8.7954 0
2.3185 -10.471 0
1.8139 8.0621 0
9.1662 2.0265 0
0.68867 -4.509 0
-6.1756 1.9214 0
9.2067 1.7474 0
6.9904 5.5522 0
-0.90562 -10.983 0
9.5303 -2.3622 0
5.9395 6.3398 0
9.4834 -0.60291 0
1.1464 -4.3293 0
3.4356 -1.3809 0
7.3389 -7.0533 0
-4.1153 6.0664 0
2.405 -3.4069 0
-1.4676 -10.999 0
2.8567 -2.537 0
2.2592 -3.3951 0
8.669 2.9518 0
2.6833 7.9743 0
3.3956 -0.15375 0
3.2095 -2.223 0
-6.1641 0.98844 0
-1.8926 -4.508 0
9.6003 -0.37532 0
4.7226 7.1207 0
-0.75285 -4.7648 0
2.3485 7.8693 0
-0.14398 -10.932 0
8.5474 3.4789 0
8.1794 -5.912 0
-4.6258 -10.281 0
9.16 2.1639 0
6.1544 6.1881 0
7.4558 5.102 0
9.2876 1.1814 0
6.9902 -7.5768 0
9.3803 1.4115 0
8.3073 -5.6629 0
2.4291 7.9479 0
9.6046 -1.1862 0
-4.8167 -2.7754 0
1.3437 -10.732 0
-6.1494 1.9354 0
-2.4227 7.1899 0
-4.9258 5.0409 0
-3.9206 -10.494 0
-5.3923 -1.9333 0
0.16244 -4.4933 0
9.1203 -4.0098 0
0.30852 -4.5178 0
-5.6421 -1.4643 0
9.3646 1.1291 0
8.7229 -4.9289 0
0.4751 -10.809 0
9.2944 1.3192 0
2.1438 -10.551 0
9.4299 -3.0285 0
6.1293 -8.3716 0
7.5983 4.7972 0
1.5695 1.9561 0
-5.6457 -1.4574 0
2.6156 7.8384 0
8.3988 3.7447 0
-0.79981 7.8977 0
9.4887 -1.2466 0
9.0854 2.347 0
6.8317 -7.6293 0
-4.7229 -2.8563 0
6.2132 6.2636 0
-0.93481 7.8268 0
-4.4788 -10.437 0
-2.1189 -10.869 0
0.38561 -10.824 0
2.8787 7.7705 0
7.4362 -6.9932 0
-0.65574 -10.96 0
-1.4717 7.6498 0
-1.1587 -4.6737 0
7.0328 5.4741 0
-3.3136 6.759 0
2.9188 -10.274 0
-5.1744 -2.3708 0
-5.8727 -0.93456 0
7.2608 5.076 0
1.2279 -4.1175 0
-6.3495 1.19 0
9.6071 -0.49445 0
-0.68153 -4.683 0
9.4586 1.0332 0
0.47601 -10.927 0
5.4673 6.8038 0
-4.5146 5.5259 0
7.0111 -7.5439 0
-3.1703 -10.724 0
9.6464 -1.1699 0
5.3245 6.8892 0
2.4311 7.8954 0
-5.2917 -2.2898 0
2.8337 7.7629 0
5.4231 6.7433 0
2.2656 -10.545 0
8.5686 -5.258 0
9.4593 0.28617 0
0.91913 -4.4098 0
-0.71544 -4.6326 0
8.7852 2.8113 0
3.9658 7.5331 0
7.9094 4.3853 0
3.4731 -1.2145 0
8.8588 2.6175 0
9.6309 -0.17828 0
5.1253 6.9919 0
-4.0765 -3.573 0
7.3568 -7.1836 0
5.75 -8.8025 0
-5.3125 4.3713 0
6.2559 6.1993 0
-6.3538 0.92234 0
-5.4724 -1.9731 0
4.8439 -9.3343 0
2.2833 -3.3112 0
-5.6854 -1.7238 0
-4.2504 -10.412 0
8.7198 2.9594 0
9.0585 2.4099 0
-2.871 -10.745 0
0.13984 -4.5775 0
1.1632 -10.827 0
0.40921 -10.856 0
-6 -0.57947 0
-4.3233 -3.2282 0
9.6446 -1.2379 0
-4.9407 -2.6919 0
-1.0829 -4.6855 0
-1.9266 7.3418 0
0.31341 7.9582 0
0.73936 -4.3874 0
9.2172 -3.3893 0
7.9671 4.388 0
-4.9941 -10.134 0
-6.0436 -0.73491 0
-1.1901 -10.933 0
9.4758 -2.3066 0
7.69 -6.7008 0
-1.1655 7.7158 0
4.5688 7.1024 0
-0.43515 -4.7068 0
0.83822 -10.752 0
2.987 7.7192 0
9.4614 -2.5041 0
8.12 -5.8442 0
-5.641 4.0947 0
9.0879 1.8565 0
-1.573 7.5129 0
5.5792 -8.7695 0
1.9999 -3.757 0
-5.3567 -10.127 0
6.3958 -8.0304 0
1.8391 1.783 0
0.6244 -10.844 0
1.9597 -10.529 0
9.0161 -4.2245 0
0.74624 -10.861 0
4.1521 7.448 0
-1.6502 7.4837 0
1.2257 -4.1155 0
-5.5204 -10 0
1.7254 -10.699 0
0.25805 1.7936 0
9.2243 -3.2959 0
9.5597 -1.8479 0
0.94154 8.0396 0
4.7088 7.093 0
-0.49258 7.7948 0
3.2948 7.7582 0
3.2413 -0.10144 0
1.7558 7.9114 0
-0.27938 -4.7466 0
3.364 -1.6542 0
8.27 3.9642 0
9.3225 0.82847 0
7.949 -6.4473 0
-6.0977 2.2157 0
8.2344 -5.6948 0
8.6878 -5.0142 0
6.192 6.2393 0
0.32169 -10.913 0
6.234 -8.1809 0
5.7911 6.5055 0
7.0039 -7.3755 0
9.4067 -2.5504 0
-4.5111 -10.412 0
-1.1373 -4.7992 0
1.6447 -10.661 0
8.6326 3.2821 0
-1.3872 -4.6199 0
-3.9994 -10.42 0
3.307 -10.183 0
2.5022 -3.1331 0
-5.6971 3.5659 0
0.80871 8.0032 0
9.5597 -0.20206 0
-1.1012 -10.914 0
1.1598 8.0323 0
8.6684 -5.041 0
-4.0336 -10.485 0
2.3963 7.8422 0
9.5804 -0.66098 0
-0.096694 -10.862 0
1.6752 -10.75 0
-2.9564 -4.2936 0
-5.6652 -1.3308 0
9.4468 0.22829 0
6.5373 -8.0869 0
-6.2974 1.6619 0
-1.7001 7.4123 0
-3.2042 6.5939 0
3.5937 7.5604 0
-4.6789 -3.0597 0
7.5692 -6.6439 0
0.1379 -4.6383 0
0.54497 -10.815 0
1.3196 -4.0714 0
6.1911 -8.1856 0
2.7939 -10.2 0
3.3663 7.6883 0
9.3188 1.2454 0
-2.6001 7.1003 0
7.1913 -7.4088 0
8.9994 2.0366 0
9.333 0.82809 0
3.1647 -10.073 0
3.7353 7.6882 0
0.96675 -10.765 0
5.674 6.7035 0
9.5509 0.10563 0
8.5192 3.4823 0
8.331 -5.5771 0
8.0207 4.2687 0
5.9881 -8.315 0
3.0824 7.7675 0
-0.82647 -11.021 0
1.0392 -4.3678 0
-5.5852 -9.9532 0
8.1546 -5.895 0
8.3819 3.8445 0
-3.0468 -4.1914 0
3.3908 -10.066 0
8.307 -5.7437 0
1.3356 8.0342 0
-5.8503 3.2766 0
-4.5767 5.5262 0
9.0179 2.5824 0
9.1079 -3.8286 0
1.9256 -10.459 0
-6.0299 -0.80396 0
6.3807 6.173 0
1.7961 7.9467 0
-6.2445 1.0207 0
7.2047 -7.1832 0
5.6408 -8.659 0
-0.77408 7.8435 0
-4.4316 5.7385 0
5.0583 7.0638 0
-5.7808 3.6899 0
-3.9509 -3.6513 0
-0.16284 7.995 0
-5.6129 4.1026 0
-6.2705 1.3887 0
9.5146 -1.117 0
-3.3018 -10.709 0
-5.2286 -2.3752 0
-0.55744 -10.898 0
8.5896 3.3151 0
-5.4231 -1.8153 0
8.7794 -4.5611 0
9.6018 -1.6499 0
-3.7503 6.2891 0
7.0355 5.5471 0
3.2107 0.10855 0
3.1857 0.42947 0
5.4014 -8.8365 0
-0.42735 -4.7348 0
9.1917 -3.7583 0
6.474 -7.9825 0
5.7399 -8.6316 0
8.6822 -4.965 0
-2.7383 -10.885 0
-5.1946 4.6342 0
-5.5262 -10.031 0
8.1871 3.9652 0
9.5503 -1.845 0
-2.6982 -10.702 0
-6.2046 0.16066 0
-4.7562 -10.185 0
-4.5827 -3.2109 0
-2.4557 -10.809 0
-3.4141 -10.582 0
-4.7088 -2.9449 0
2.8941 -2.4544 0
-5.9466 3.0426 0
7.8482 4.3388 0
6.5752 -7.9771 0
9.3301 1.1844 0
-4.3817 5.5464 0
2.2781 7.8975 0
3.1794 -10.181 0
9.5627 -0.0904 0
-5.9262 3.1881 0
6.6631 5.7902 0
0.68396 -10.791 0
-4.7979 -2.8471 0
4.3316 -9.6609 0
-5.086 -2.6131 0
0.35732 -4.5506 0
3.2902 -0.46236 0
2.2125 1.5397 0
-3.9434 -10.515 0
0.61574 -10.925 0
3.1687 -2.1489 0
9.4857 -2.6117 0
-4.4993 -10.459 0
-6.2182 -0.19835 0
1.1365 -4.2569 0
-2.3557 7.2261 0
7.9482 -6.1599 0
9.3007 1.4368 0
3.2673 7.6272 0
-0.70086 -10.997 0
1.2768 1.9838 0
6.4525 6.031 0
-3.1788 -4.2145 0
6.2055 6.1877 0
8.6379 3.281 0
9.5979 -0.97876 0
-5.9063 -0.98629 0
-3.3875 6.7291 0
-3.8791 6.0442 0
9.4092 0.57664 0
9.1292 1.8768 0
9.2178 -3.6599 0
-4.3666 -3.2675 0
9.5099 -1.6103 0
6.8255 -7.8488 0
-0.18161 7.8284 0
-0.016222 8.0294 0
9.1617 -3.997 0
-6.2673 1.0455 0
-2.8665 -10.793 0