   2.6407665e+00  -3.5953415e-01
  -1.2832562e+00  -1.4356865e+00
   5.3642507e+00  -1.2917894e+00
  -1.6801594e+00  -1.1891798e+00
  -1.8854670e+00   1.3002655e+00
  -2.1272942e+00   7.3512029e-01
  -1.7533685e+00  -1.1224054e+00
  -2.7184243e-01   1.6126437e+00
   7.8724902e-01   8.3006677e-01
   2.9144313e+00  -2.1179239e+00
   2.1960719e+00  -8.3600543e-01
   2.1072664e+00  -2.2030986e-02
   1.1701767e+00  -7.9311277e-01
   3.0162148e+00   2.1025553e-01
   4.6874416e+00  -1.3028877e+00
   2.3627191e+00   1.9072712e+00
   2.2067483e+00   8.6608154e-01
  -3.7589193e+00  -9.3037495e-01
  -8.2487564e-01   1.0992276e+00
   3.5698529e+00  -1.1769490e+00
   4.1482818e+00  -2.5738567e-01
  -2.0214135e-02  -7.2491500e-01
  -1.8994677e+00  -4.9139516e-01
   1.6380128e-01  -1.6970017e+00
   7.9716958e-01   3.2237946e-01
   2.1571192e+00  -4.0919961e-01
  -5.4640552e-01  -8.0644602e-01
  -1.1887779e+00   1.1363150e+00
  -1.9240889e+00  -2.0421461e+00
   2.2533192e+00   8.7135296e-01
  -2.4263711e+00   1.2389954e+00
   4.4854242e+00  -2.1471639e-01
   1.8732061e+00  -3.3575336e-01
  -1.4410850e+00  -6.7201623e-01
  -2.6529698e+00   1.3352962e+00
   3.4146916e+00  -4.4001311e-01
  -2.6125943e+00   1.5963398e+00
  -7.0313866e-02   9.0734938e-01
   3.7319663e-01  -1.6535424e+00
  -3.7242301e+00   2.5531488e+00
   5.3127717e-01   6.3313221e-01
   1.8552936e+00   2.1904781e+00
   2.4677837e+00  -2.1124020e-01
  -2.3896909e+00   1.1181991e+00
   4.3679604e-01   3.3798929e-02
   1.0102305e+00   5.4598364e-01
  -1.3618355e+00   1.3630546e-01
   4.9723401e+00  -1.0595540e+00
   2.1706363e+00  -2.1176147e+00
  -3.9661730e+00   1.7733472e-01
   2.7778366e-01  -1.7034860e+00
   2.1747025e+00  -3.1160344e-02
  -5.5346102e-01   3.4620549e+00
   4.4518300e+00  -3.7262092e-01
  -3.3158011e+00   4.7704684e-01
  -3.8252943e+00   1.4349757e+00
  -4.8788274e-01  -1.4143574e+00
  -1.5029769e+00   1.1780322e+00
   1.7040478e+00  -1.7677463e+00
  -2.8924280e+00   7.3521020e-01
  -1.1258606e-01   5.6115530e-01
  -3.7549384e+00   2.3083624e+00
  -1.1959115e+00   2.7390068e-02
  -1.0316408e+00  -8.2537448e-01
  -4.6982856e+00   1.6666031e+00
  -2.4368407e+00   8.1790629e-01
   2.4435563e+00  -1.3372203e+00
  -2.0102476e+00   1.1904721e+00
  -3.4797274e-01   1.0222988e+00
   7.8601233e-01   7.4938946e-01
   2.6748263e+00  -1.3367955e+00
  -1.3184886e+00  -7.0565973e-01
   3.7012740e+00  -6.7099645e-02
  -2.6406181e+00   3.3283130e-01
   5.2641680e+00  -1.7044782e+00
   7.7353161e-01  -1.1821164e+00
   2.5674272e+00  -2.5497085e-01
  -1.9821852e+00   1.6235488e+00
   2.5183284e+00   1.5462658e+00
   1.2447795e+00   3.6373620e-01
   2.1490353e+00   1.4289754e-01
  -1.0083929e+00   2.1134802e+00
   4.2437875e+00  -1.0053373e+00
   1.3132018e+00   1.0707942e+00
  -1.3436320e+00  -6.9412784e-01
  -2.9106588e-01   4.4858319e-01
  -1.5714843e+00  -1.1053760e+00
   1.4503840e+00  -8.1272220e-01
  -8.9797619e-02   5.2752779e-02
  -2.1231956e+00  -9.4861080e-01
  -6.9949360e-01  -3.6300521e-01
   7.1589724e-01   2.7022645e-01
   1.1926556e+00  -4.0998230e-01
   1.6940492e-01   1.0879197e+00
   4.7432185e-02  -9.1843046e-01
  -1.5690229e+00  -4.5031245e-01
  -1.2437020e-01  -2.7216000e+00
  -2.6855781e+00  -4.9947394e-02
  -1.0235473e+00   1.0163769e-01
   1.5300897e+00  -8.0599906e-01
   9.7077796e-01   9.4889914e-01
   8.3403138e-01  -6.6139409e-02
  -3.2716038e+00   3.5587115e-01
  -5.4459104e-01  -1.0399859e+00
  -4.5393837e+00   1.3605112e+00
   6.0967162e-01   1.9059671e-01
  -1.9884308e+00   1.6543366e+00
   1.3991310e+00  -3.5917843e-01
  -9.7009583e-01   1.7288693e-01
  -1.4075910e-01   9.4058368e-01
  -1.4444667e+00  -6.1854904e-01
   4.1935734e-02  -1.8706580e+00
   5.7866083e-01   7.7884102e-01
   4.4574281e+00  -1.5866130e+00
   3.1468548e+00  -1.6945660e+00
  -2.9343943e+00   1.8951192e+00
   7.5271977e-01   6.4400441e-01
   2.6173597e+00   4.3554139e-02
  -3.0089224e+00   8.1677834e-01
   2.4560385e+00  -9.6843368e-01
   3.4529854e+00  -9.0306762e-01
   7.7036538e-01  -1.3504850e+00
  -5.7083928e+00   1.2452323e-01
  -3.4858543e+00   1.1635517e-01
  -2.6985501e+00   3.0808681e-01
   4.6528612e+00   1.2460556e-01
  -3.2595297e+00   8.4892808e-01
  -2.1724815e+00  -1.3060313e+00
   2.2083181e+00  -1.2099724e+00
   1.1275893e+00  -1.6137110e+00
   7.0800259e-01  -8.8563546e-01
   2.8648644e+00  -2.1357404e+00
   7.6893722e-01  -1.1900172e+00
  -2.3948754e+00   7.8185742e-01
   1.5276080e+00  -2.9874272e-01
   2.4929381e+00  -3.9320312e-01
   1.0907062e+00   3.5653873e-01
  -1.4778147e+00   1.3637825e+00
   3.5446030e+00  -1.8784775e-01
   2.5884117e-01  -6.9821014e-01
  -2.3672286e+00   9.6325337e-01
   1.8939353e+00  -1.0864119e+00
  -7.4093411e-01   5.7576889e-01
  -1.0685193e+00  -5.1926238e-01
  -1.6538171e-02   1.4459187e+00
   2.5954436e-01   6.3587420e-03
   1.2459120e+00  -1.7488305e+00
   3.4459909e+00  -1.4655339e-01
  -1.1680029e+00  -2.0771682e-01
   3.5753948e+00  -3.3647112e-01
   1.4479161e+00  -1.7854410e+00
  -1.0884816e+00  -4.2008135e-01
   3.2575448e+00  -2.4830256e-01
   3.4727877e+00  -1.6125044e+00
   8.9295764e-01  -1.0541648e+00
  -9.0209067e-01  -1.0826914e-01
  -5.8801356e-02  -2.2409550e-01
   1.1733249e+00  -7.2079533e-01
  -4.4538477e-01  -4.6345524e-01
   6.7659924e-01  -3.3084418e-02
   3.0631543e+00  -1.2094952e+00
   2.1016614e+00  -7.6168603e-01
   2.2351781e+00   3.9859268e-01
  -1.7059576e+00   5.0361063e-01
   8.4316453e-02  -3.9526778e-01
   2.7009998e+00  -2.8377058e-01
   1.2842451e+00  -1.0531550e+00
  -4.0160755e+00   5.0463081e-01
  -1.1517049e+00   1.0481461e+00
   1.4814568e+00   4.3194762e-01
  -3.8153816e+00  -2.7467624e-01
   2.6913510e+00   7.8830720e-01
  -1.6380868e+00   2.6596657e-01
   2.5459392e+00  -1.0386647e+00
   3.1922815e-01   2.0740809e+00
   1.3130211e+00  -4.8993232e-01
   1.9663831e+00  -1.4409622e+00
  -1.9690775e+00  -1.1883146e-01
   1.6215027e+00  -9.4294576e-02
  -4.2464734e+00   9.7522265e-01
   3.1839486e+00  -5.6574439e-01
   2.3861978e-02  -1.1457642e+00
  -2.5011761e-02  -5.9281106e-01
   6.6906561e-01  -8.9668383e-01
   2.6141875e+00   2.0167910e+00
   9.7128051e-01  -4.2860026e-01
   2.0061635e+00  -1.7109905e+00
   4.7590330e-01  -1.1490535e+00
  -4.6857012e+00   1.0078224e+00
  -4.3273835e-01   4.3312879e-02
  -5.3741894e+00   5.4224359e-01
  -4.7448964e+00   1.1391605e+00
   3.0276209e-01   5.4202657e-01
   1.2381884e+00   3.7774159e-01
  -1.8181796e+00   3.9801957e-01
   3.7245334e-01  -5.9151687e-01
   6.5499493e-01   3.6239413e-01
  -7.1742963e-01   1.7905076e+00
   1.7252301e+00   2.5990410e-01
  -2.2367573e+00  -3.5343216e-01
  -1.7012511e+00   8.2277680e-01
   2.4239251e+00  -7.3964862e-01
   3.8669371e-01  -8.7889562e-01
   1.4275355e+00  -1.0826098e+00
   1.2762738e-01  -6.9368952e-01
  -1.6291231e+00   2.6946739e-01
   3.2719551e+00   2.7641659e-01
  -4.8528304e+00   9.2325131e-01
   5.7432818e-01  -1.2850313e+00
  -4.4813457e-01   1.3910058e+00
  -4.3286053e+00   1.3333924e-02
   9.8477379e-01   3.2495646e-01
  -9.3226587e-01   8.3319415e-01
  -3.7479691e+00  -3.6436094e-01
  -7.3151345e-01   9.2192799e-01
  -1.6416502e+00   1.6516189e+00
  -1.5543493e+00   5.9145433e-01
  -3.6098919e-01  -4.0980389e-02
  -7.3021857e-01   1.1829976e-01
  -2.4772230e+00   3.0967449e-01
  -2.1091619e+00   2.1483366e+00
   2.5169712e+00  -2.1358701e+00
   1.1869648e+00   2.5145637e-01
  -4.7958156e+00   8.1292852e-01
   1.1102342e+00  -1.3836536e-01
  -1.7900712e-01  -8.7661031e-03
  -1.0475392e+00  -1.1251906e-01
   4.7654200e+00  -5.2886543e-01
   1.9177656e+00   2.6251798e-01
   1.7632716e+00   1.3722580e+00
  -3.2489499e+00  -1.3547742e+00
  -1.1570639e-01   1.1056544e+00
   1.1033392e+00   4.1154684e-01
  -4.1386003e+00   1.1258942e+00
   2.0400354e+00  -6.4825609e-01
   1.2432609e+00  -1.3605204e+00
  -4.9047286e-01  -2.4815256e-01
  -3.2151242e+00   1.6111463e+00
  -1.7676671e+00  -3.2649301e-01
  -4.1377948e+00   7.7621402e-01
   1.3588779e+00   7.7819408e-01
   2.1160667e-01  -1.1886764e+00
  -4.4789813e+00   1.1005501e+00
  -2.2014779e+00   1.2173644e-02
   2.7215070e+00  -1.1588380e+00
  -1.9490238e+00  -3.4966581e-01
  -6.6513984e-01   9.3709886e-01
   3.1182089e+00   9.3157786e-02
   1.8373878e+00   3.1087414e-03
  -2.4055522e-01   2.6587050e+00
   1.6497702e+00   1.0907221e-01
   1.0289057e+00   5.7461082e-01
  -1.9058266e+00  -3.1384655e-01
   6.6579965e-01   1.6670527e-01
   6.2136964e-01   7.4321106e-01
   5.3855729e+00  -8.6464692e-01
   8.8149454e-01  -7.9051470e-01
  -3.1259289e+00   1.3832696e+00
  -3.7348898e+00   1.3606982e-01
   2.6538570e+00   6.4484690e-01
  -1.9707468e+00  -2.0388054e-01
   1.1078840e+00   1.8121820e+00
   4.3108885e-01  -1.8283352e-01
  -5.4128566e-01  -1.3155021e+00
   2.4156305e+00  -5.9839858e-01
   2.4477160e+00   6.7069181e-02
  -3.1323908e+00   1.3368294e+00
  -8.2441001e-01  -1.5868427e+00
  -4.9700506e-01   3.3945037e-02
   2.2411048e-01  -9.3893433e-02
  -4.6941993e+00  -1.4256400e-01
   4.3889388e-01  -2.9102313e-01
  -1.9365137e+00  -5.8799817e-01
  -2.1992941e+00  -6.3547220e-02
  -5.3030950e-02  -1.7964939e-01
  -2.6429963e+00   1.4538029e+00
  -1.6580972e+00   4.9878627e-01
  -1.7978629e+00   7.9633825e-01
  -9.5898828e-02   1.5068800e-02
  -1.8061428e-01  -6.7550536e-01
  -2.6857800e-01   1.1385326e-01
   2.9982987e+00  -6.2180237e-04
  -1.3378137e+00   7.7882027e-01
   2.5314941e+00   4.3078938e-01
  -6.2609324e-01   1.6909687e+00
   1.5232071e+00  -4.5448189e-01
  -2.1963168e+00   9.3138831e-01
  -5.0177003e+00   1.7459259e+00
  -6.0869322e+00   5.4791939e-01
  -1.3468959e+00   2.5758335e-02
  -1.6307264e+00   1.1968187e-01
  -7.6399773e-01  -2.3435284e+00
  -9.2659636e-01   1.0161564e+00
   3.1385253e+00  -1.6204169e+00
  -2.8347119e+00   1.9114056e-02
  -1.3733932e+00   1.4186431e+00
  -2.6597349e+00   1.0822681e+00
  -5.0018530e-01  -8.0476372e-01
   2.1842625e+00   1.5086123e+00
   1.9867626e-01   5.9780245e-01
   1.0503318e+00  -7.5581659e-01
   3.0653990e+00  -7.1192594e-01
   2.1869949e-01   8.3127663e-01
  -1.3412796e+00   2.3262342e+00
   9.5189745e-02  -8.4843957e-01
   1.2490380e-02   2.0373791e-01
   1.4551511e+00   6.7982842e-01
  -2.8394031e+00   7.4663450e-01
   4.6782642e+00  -1.1616973e+00
  -3.8781210e+00   9.3928400e-01
   2.6472467e-02  -6.3063391e-02
  -2.9625794e+00   1.1440637e-01
   1.9926917e-01  -1.9172701e+00
   1.2522997e+00  -2.1320906e+00
   2.7590998e+00  -2.3151595e-01
  -1.6848706e+00   1.0977202e+00
   1.8223678e+00  -1.1965349e+00
  -4.1382746e+00   1.2048494e+00
  -2.7257419e+00  -2.4861237e-01
  -1.6527606e+00  -1.1670912e+00
  -1.7476247e+00  -4.5440264e-01
  -1.6853750e+00   1.5324548e+00
   5.8055124e-01   1.8881640e-01
  -5.3055678e-01  -2.7156700e-01
   2.6275017e+00   2.0954383e+00
  -5.8087337e+00  -9.0219910e-01
   2.8594276e+00  -1.5420313e+00
   1.9790249e-01   2.8576836e-01
  -6.8108554e+00   5.1629537e-01
  -1.4926635e+00   5.5918404e-01
  -3.8501383e+00   4.6743031e-01
   2.1637083e-01  -1.0072652e-01
  -4.6170427e-01  -5.8270035e-01
  -1.2302966e+00   1.5070444e+00
  -6.8034433e-01  -7.3109522e-01
  -2.9002724e-01   1.1445344e+00
  -1.9509871e+00  -6.5179929e-01
  -1.5100219e+00  -8.9809626e-02
   1.5572788e+00   1.5119921e+00
   2.0640145e+00  -1.5824011e+00
  -5.9600761e+00   5.2762847e-01
   2.5924932e+00  -9.4421721e-02
   6.3422523e+00   6.6542275e-02
   4.5045572e-01  -8.4045010e-02
   2.5759991e+00  -1.5232597e-01
  -3.7241036e+00  -2.2469295e-01
  -1.7622374e+00   8.5528968e-03
  -2.1868424e+00   1.4183108e+00
  -3.5222814e-02  -9.8673252e-01
   3.1001063e+00   8.1509033e-03
   3.9264548e+00  -1.9084510e+00
   1.4880491e+00   1.4175726e+00
   2.5503974e-01  -1.6422183e-01
   7.3721103e-01  -4.6038966e-01
  -1.7095978e+00  -1.3143978e+00
   5.0465776e+00  -1.1704997e+00
  -3.1561779e+00   1.1285041e-01
  -3.9550523e+00  -6.6017589e-01
  -7.5583466e-01  -6.1059995e-01
   1.9181774e+00   6.8415504e-01
  -1.7904647e+00   1.3486846e+00
  -2.7118643e+00   1.7787075e+00
   1.9553328e+00   8.4726705e-01
   2.9645793e+00  -3.0125086e-01
   1.2703351e+00  -5.3752207e-01
   2.3307046e+00   1.4045039e+00
   3.8072669e+00  -3.0253502e+00
  -1.5110739e+00  -5.8189637e-01
   1.7319758e+00  -1.8958612e+00
   4.3356786e+00  -8.1769787e-01
  -5.6509639e-01  -2.2619301e-01
   2.6721906e+00   6.5747061e-01
   1.4065982e+00  -8.0011637e-01
  -3.9214689e+00   1.1348545e+00
   1.7784396e+00   9.9557932e-03
  -2.8633899e+00   1.2594891e+00
   1.2550639e+00  -2.1075176e+00
  -1.8104076e+00  -3.3435124e-01
  -3.6822766e+00   1.4056746e+00
   4.1235388e-01   8.0501975e-01
  -4.8400060e+00   2.2239064e-01
   3.7009301e+00  -1.1406741e+00
   1.1332387e+00  -8.4991503e-01
  -1.3612612e+00   6.7191070e-01
   2.2841934e+00   2.9753053e-01
  -7.1035581e-01   8.5697759e-01
  -5.2431040e+00   1.2816161e+00
   9.8406982e-03  -2.1353891e-01
  -3.6434264e+00   2.4678299e+00
   1.6068091e+00  -3.1720384e-01
   3.3197627e+00  -1.4501250e-01
  -3.9644396e+00   1.8086210e-01
   3.3343168e-01   5.3537508e-01
  -1.3153597e+00   5.8376621e-01
  -2.0172588e+00   2.0647617e+00
  -1.0767718e+00  -3.6385820e-01
   4.3539383e+00   1.0180021e-01
   9.7661838e-01   2.7065247e-01
   7.6425347e-01  -1.4103928e+00
   1.9680310e+00  -1.6387269e+00
   1.8537758e+00   3.4958536e-01
  -1.2418524e-01  -8.6118138e-01
  -1.3949945e-01   1.3023107e-01
  -3.5460597e-01  -4.8797205e-01
  -8.6509065e-01  -2.8285137e-01
  -4.9132741e+00  -4.9921153e-01
   3.7932047e+00   5.3260304e-01
  -6.5205169e-01   1.6471649e-01
  -2.8551907e+00   2.2887126e-01
   2.0435224e+00   2.0580723e+00
  -2.7844547e+00   6.5162895e-01
   1.5562029e+00   6.4764702e-01
  -1.4128283e+00  -4.6895617e-01
  -5.2702471e+00   1.8513501e+00
  -3.1783414e-01  -1.8546088e-01
   1.0216410e+00  -1.1716379e+00
   2.7547397e+00  -2.9194279e-01
  -1.8642875e+00   9.0340154e-01
  -1.5369580e+00   1.0077955e+00
  -2.2123555e+00   2.2756912e-02
  -5.3922070e+00  -1.2027443e+00
   3.5191389e+00  -6.2559760e-01
   1.3709700e+00   9.6476165e-02
  -1.6323100e+00   7.4365611e-03
   6.0967483e+00  -1.8576439e+00
   1.8488975e+00  -1.2270675e+00
   1.1014510e+00   4.8049215e-01
  -1.9093353e+00  -1.5277280e+00
   3.3465451e+00   2.5512731e-01
  -2.3747034e+00  -2.0661410e-01
  -1.5517097e+00   2.2096920e-01
  -1.6531458e+00   1.6728916e+00
  -2.7254666e+00   3.3147552e-01
   3.6832294e+00  -1.8899767e+00
   1.2241873e+00   6.2741133e-01
   3.7087422e-01   5.5196811e-01
   1.5509536e+00  -8.0599048e-01
  -5.5397160e-01  -1.2192742e+00
  -5.0576418e+00   1.5221861e+00
  -1.3626487e+00   1.0409872e+00
   2.8824137e+00  -3.1945382e-01
   2.2666993e+00   1.2908684e-01
   7.9111064e-01  -1.4741042e+00
   4.9252459e-01   9.7060567e-01
  -1.8008625e+00   1.2571816e+00
   8.7166191e-01  -1.0581652e+00
  -1.1484586e+00   8.7119498e-01
   2.4376397e+00  -1.1818467e+00
   1.9692675e+00  -9.0664544e-01
   1.6794190e+00  -4.6534592e-01
   3.8165216e-01  -1.9282915e-01
   1.2842757e+00  -1.6469748e-01
   1.3257335e-01   1.0845170e-01
  -2.1841201e-01   4.6373382e-02
  -1.8786239e+00  -1.0190275e+00
  -4.4423941e+00   1.8437699e+00
   1.7623569e-01   6.9631891e-01
   3.8715865e-01  -7.9074741e-01
  -2.7137398e+00   1.2331473e+00
  -8.5798591e-01  -3.5837433e-01
  -6.4119731e-01  -1.5857498e-01
   5.8265799e-01   2.2617264e+00
  -5.1324147e-01  -3.1142652e-01
  -2.6605205e-01   9.3132532e-01
  -4.1975468e+00  -3.7789911e-01
   4.7688618e-01   2.0249650e-01
   3.0875153e+00  -8.6227488e-02
   1.0566907e+00  -7.8649187e-02
   8.1027524e-01   1.1561115e+00
  -9.2710534e-01   2.4926714e-01
   1.1791041e+00   8.6407201e-01
   1.6133181e+00  -2.5099902e-01
   2.5299684e+00   1.0071587e+00
  -2.7113567e+00   1.1012317e+00
  -2.0075995e+00   7.2307889e-01
   1.4163080e-02  -1.5473183e+00
   6.8515740e-01  -2.9344289e-01
   4.1070016e+00   1.2840222e+00
   1.4585012e+00   1.5694554e+00
   2.3340721e+00   1.1783891e+00
   1.0248950e+00   4.0903695e-02
   6.3212683e-01   1.3217967e+00
  -3.3139187e+00   1.9801380e+00
   3.4635730e+00  -1.1323258e-02
  -2.5097174e+00  -2.8502182e-01
  -6.2284674e-01  -1.3225245e+00
  -5.3741239e+00   2.0255458e+00
   1.5575519e+00   1.9035879e+00
   1.8908286e+00   5.2609815e-01
   4.1672830e+00   1.7530453e+00
   6.6823387e-01  -2.1485766e-01
   1.6840303e+00  -1.0389343e+00
  -1.3210046e+00  -1.0219640e+00
  -1.0530947e+00  -8.4752837e-01
   8.2301581e-01   1.0535582e+00
  -5.2659818e-01   9.9359238e-01
   6.2351520e+00  -1.2465103e+00
   3.9238094e+00  -1.0445150e+00
   8.2535966e-01   3.9990391e-03
   2.7388465e+00  -1.0533735e-01
   1.0627125e+01   1.3180446e+01
   1.1447019e+01   1.1275413e+01
   1.3865759e+01   9.1423761e+00
   1.2870598e+01   1.1284097e+01
   1.2431531e+01   1.3749546e+01
   1.2128058e+01   1.4036365e+01
   1.3467341e+01   1.1153910e+01
   1.2805801e+01   9.4483215e+00
   9.9870428e+00   1.2520795e+01
   1.2213181e+01   1.2178030e+01
   1.2483738e+01   1.0921235e+01
   1.3552008e+01   1.5286321e+01
   1.2187880e+01   8.9149034e+00
   1.3398939e+01   1.1754689e+01
   1.1680821e+01   7.2601550e+00
   1.3709175e+01   1.6410310e+01
   1.2613960e+01   1.1714094e+01
   1.2730794e+01   1.0412694e+01
   1.1510176e+01   1.2213137e+01
   1.2324383e+01   7.5841467e+00
   1.4299920e+01   1.3945853e+01
   1.3941280e+01   1.4762402e+01
   9.7580447e+00   7.6051747e+00
   1.3430784e+01   1.2600182e+01
   1.1381479e+01   7.6741912e+00
   1.1034355e+01   8.7300903e+00
   1.3125851e+01   1.1696676e+01
   1.6408668e+01   1.4599033e+01
   1.2297862e+01   1.3657887e+01
   1.3161255e+01   1.2884940e+01
   1.2613960e+01   1.2591906e+01
   1.2653719e+01   1.1761156e+01
   1.2968872e+01   1.0628486e+01
   1.3019662e+01   1.0760082e+01
   1.2629091e+01   1.2130792e+01
   1.0562784e+01   9.9531091e+00
   1.2345514e+01   9.7618947e+00
   1.1379146e+01   1.2174128e+01
   1.2087778e+01   1.1081277e+01
   1.1014744e+01   1.3049319e+01
   9.3689899e+00   7.4948609e+00
   1.0243685e+01   9.3120338e+00
   1.0892413e+01   7.2409012e+00
   1.0970028e+01   1.0556725e+01
   1.2616571e+01   1.1186040e+01
   1.5198064e+01   1.3679519e+01
   1.1880247e+01   1.0260302e+01
   1.0066617e+01   8.3802369e+00
   1.0945115e+01   8.6075572e+00
   1.1460774e+01   9.6115951e+00
   1.3412179e+01   1.2707050e+01
   1.2923930e+01   1.0442810e+01
   1.3597817e+01   1.3716083e+01
   1.2395530e+01   1.0600814e+01
   1.3508532e+01   1.1448899e+01
   1.2129552e+01   1.0764220e+01
   1.3578347e+01   1.3354227e+01
   1.3458961e+01   1.4010867e+01
   1.3813408e+01   1.3722871e+01
   1.3802246e+01   9.6007425e+00
   1.4216043e+01   1.3759368e+01
   1.3768720e+01   1.1880070e+01
   1.2215552e+01   1.7750267e+01
   1.0037695e+01   1.1338549e+01
   1.1527118e+01   9.8735883e+00
   1.2644692e+01   1.2955155e+01
   1.3755866e+01   1.4163260e+01
   1.4108224e+01   1.2462144e+01
   1.4130239e+01   1.0947120e+01
   1.0706276e+01   1.1211664e+01
   1.4274820e+01   1.1657663e+01
   1.3114954e+01   1.2355079e+01
   1.2337360e+01   1.3039854e+01
   1.3806410e+01   1.2419633e+01
   1.2561910e+01   1.3676058e+01
   1.4190180e+01   1.2691784e+01
   1.0862770e+01   9.8502946e+00
   1.3194861e+01   8.7323142e+00
   1.3573280e+01   1.4556694e+01
   1.4119650e+01   1.1661768e+01
   1.2770927e+01   1.0912174e+01
   1.2799437e+01   1.2571607e+01
   1.1838769e+01   9.1711576e+00
   1.3346130e+01   1.3881836e+01
   9.4928227e+00   8.3730657e+00
   1.0425747e+01   7.6497498e+00
   1.1766315e+01   1.1699568e+01
   1.4159301e+01   1.6366032e+01
   1.3100225e+01   1.3335708e+01
   1.3049434e+01   1.1275581e+01
   1.3197395e+01   1.0548294e+01
   1.2247922e+01   1.3500674e+01
   1.0929839e+01   1.0167875e+01
   1.1810577e+01   1.4230333e+01
   1.4403514e+01   1.4324411e+01
   1.3682453e+01   1.1693389e+01
   1.3692721e+01   1.5040045e+01
   1.2403728e+01   1.0135811e+01
   1.0110635e+01   6.2693485e+00
   1.3542924e+01   1.0837471e+01
   1.0865292e+01   6.6200524e+00
   1.1485599e+01   1.2232958e+01
   1.2564552e+01   1.4455963e+01
   1.2218356e+01   9.9099278e+00
   1.3782342e+01   1.2063642e+01
   1.1551659e+01   9.9699243e+00
   1.2437431e+01   7.7229980e+00
   1.2524441e+01   1.2882910e+01
   1.2607303e+01   8.8057757e+00
   1.2436439e+01   1.2982813e+01
   1.1652330e+01   1.4008586e+01
   1.3396451e+01   1.4139079e+01
   1.3983494e+01   1.4549126e+01
   1.2891150e+01   1.1775501e+01
   1.1616886e+01   1.3702271e+01
   1.3445941e+01   1.2933101e+01
   1.1025363e+01   9.4165252e+00
   1.1457229e+01   1.2198144e+01
   1.1503224e+01   1.2235094e+01
   1.1491853e+01   9.0731150e+00
   1.2852870e+01   9.4974506e+00
   1.3730472e+01   9.1373458e+00
   1.2058663e+01   1.2142230e+01
   1.2076394e+01   1.0340617e+01
   1.3277212e+01   1.1474260e+01
   1.4124313e+01   1.0714528e+01
   1.2590995e+01   9.7177579e+00
   1.2179345e+01   1.0636384e+01
   1.1457565e+01   8.0179285e+00
   1.4238145e+01   1.1605438e+01
   1.1796457e+01   9.3905638e+00
   1.1625097e+01   1.5035291e+01
   1.2136783e+01   7.9812257e+00
   1.3153601e+01   1.1110237e+01
   1.2869170e+01   1.0792144e+01
   1.3640430e+01   1.0016703e+01
   1.4551674e+01   9.8953270e+00
   1.2713695e+01   1.2355347e+01
   1.1704499e+01   1.4032588e+01
   1.4376374e+01   1.2099587e+01
   1.0393837e+01   9.8367616e+00
   1.1234793e+01   1.4125860e+01
   1.3357685e+01   1.0587860e+01
   1.3757300e+01   1.2897057e+01
   1.1657811e+01   9.8763863e+00
   1.1243207e+01   1.0194495e+01
   1.1760113e+01   1.0536013e+01
   1.2025070e+01   1.3770722e+01
   1.3956441e+01   1.6765446e+01
   1.3261703e+01   1.2783303e+01
   1.3058808e+01   6.8387385e+00
   1.3842190e+01   1.5373791e+01
   1.2282534e+01   4.7802517e+00
   1.1950063e+01   8.9092142e+00
   1.3142574e+01   1.2362570e+01
   1.2324854e+01   9.2990361e+00
   1.2974971e+01   9.2537692e+00
   1.2128348e+01   1.0925747e+01
   1.3716507e+01   1.1049723e+01
   1.3550897e+01   1.3030369e+01
   1.0165085e+01   1.1747496e+01
   1.1690773e+01   9.0854602e+00
   1.3064115e+01   1.4129244e+01
   1.1466433e+01   1.0455175e+01
   1.2854058e+01   1.4623214e+01
   1.1236775e+01   9.5070525e+00
   1.3830541e+01   1.2294609e+01
   1.2346905e+01   1.4649013e+01
   1.3361677e+01   1.2305259e+01
   1.1703808e+01   1.2236166e+01
   1.2298819e+01   1.2618544e+01
   1.1831521e+01   1.2603650e+01
   1.3989093e+01   1.4256429e+01
   1.1368336e+01   9.6225643e+00
   1.1565720e+01   1.1073301e+01
   1.2462411e+01   9.3809589e+00
   1.2941482e+01   1.3118227e+01
   1.1634024e+01   1.0144738e+01
   1.3075991e+01   1.6116960e+01
   1.4387685e+01   1.0830854e+01
   1.2846411e+01   1.3330587e+01
   1.2316953e+01   1.3768077e+01
   1.2903025e+01   1.2635179e+01
   1.3141567e+01   1.5085518e+01
   1.3874298e+01   9.9180326e+00
   1.2191190e+01   6.1272241e+00
   1.2429644e+01   7.0009869e+00
   1.3725672e+01   1.2114438e+01
   1.1498357e+01   9.6324641e+00
   1.0808307e+01   1.1985878e+01
   1.1441938e+01   8.8491975e+00
   1.2578000e+01   1.3458003e+01
   1.0898404e+01   7.5805385e+00
   1.3359879e+01   1.7516791e+01
   1.3937880e+01   1.0587105e+01
   1.1930920e+01   8.2081728e+00
   1.3216314e+01   1.6548914e+01
   1.1064324e+01   5.1861144e+00
   1.2090371e+01   9.7544947e+00
   1.3358608e+01   1.0893374e+01
   1.0451910e+01   1.5426813e+01
   1.2565177e+01   1.2930254e+01
   1.4685274e+01   1.1591352e+01
   1.2245360e+01   1.6961396e+01
   1.1080398e+01   1.2499782e+01
   1.3613944e+01   1.1892943e+01
   1.1750336e+01   9.4565879e+00
   1.3322203e+01   9.1745868e+00
   1.2521741e+01   9.7766579e+00
   1.2828928e+01   1.5125180e+01
   1.3043885e+01   1.1808127e+01
   1.2874482e+01   1.6747897e+01
   1.2343706e+01   1.2808260e+01
   1.0252785e+01   8.9549689e+00
   1.2902907e+01   1.0650472e+01
   1.3468034e+01   1.2738093e+01
   1.0879350e+01   1.0505509e+01
   1.3332353e+01   1.3029786e+01
   1.1462879e+01   6.0351468e+00
   1.2793247e+01   1.0702658e+01
   1.3098527e+01   1.1663284e+01
   1.3437332e+01   1.1741768e+01
   1.1333496e+01   1.1712770e+01
   1.3602019e+01   1.5204561e+01
   1.3237937e+01   1.0264093e+01
   1.0654153e+01   6.1546060e+00
   1.1999642e+01   1.1952955e+01
   1.1063816e+01   7.4815075e+00
   1.2227105e+01   1.3862297e+01
   1.0281124e+01   9.3776467e+00
   1.4549140e+01   1.6246547e+01
   1.2376871e+01   1.4313439e+01
   1.1195841e+01   8.4926618e+00
   1.6165946e+01   1.3460207e+01
   1.1084466e+01   1.3315351e+01
   1.3426032e+01   1.1424930e+01
   1.3631040e+01   1.1809606e+01
   1.1990587e+01   1.0322989e+01
   1.0723641e+01   8.9279254e+00
   1.2374258e+01   1.4832941e+01
   1.1609612e+01   1.3765868e+01
   8.8653382e+00   7.0927631e+00
   1.2559651e+01   1.1770293e+01
   1.2779676e+01   1.3474896e+01
   1.1407433e+01   9.6220687e+00
   1.4124217e+01   1.3618587e+01
   1.2795316e+01   1.4960952e+01
   1.1826900e+01   1.0601949e+01
   1.2983757e+01   1.2915546e+01
   1.2674884e+01   9.2223073e+00
   1.1115335e+01   9.7754097e+00
   1.0858750e+01   9.4046222e+00
   1.1244998e+01   1.2700206e+01
   1.2490662e+01   1.0210825e+01
   1.3421351e+01   1.0380088e+01
   1.2602644e+01   6.7692343e+00
   1.1811165e+01   1.2232398e+01
   1.2228777e+01   7.8249317e+00
   1.2723849e+01   9.0192957e+00
   1.4614102e+01   1.2687567e+01
   1.1537278e+01   1.0758891e+01
   1.1583290e+01   1.0825096e+01
   1.4890643e+01   1.1442417e+01
   1.0954212e+01   1.0475958e+01
   1.1714761e+01   1.1150922e+01
   1.1537161e+01   8.9067255e+00
   1.4501405e+01   9.8876488e+00
   1.4085447e+01   1.4751640e+01
   1.2851844e+01   1.0935607e+01
   1.1827078e+01   1.4564096e+01
   1.2235766e+01   1.5255782e+01
   1.2784878e+01   1.2249920e+01
   1.1931245e+01   8.6194374e+00
   1.1514268e+01   8.9197234e+00
   1.5068537e+01   1.1821558e+01
   1.3281439e+01   1.2173135e+01
   1.3377525e+01   1.4756136e+01
   1.2178402e+01   1.1833452e+01
   1.2926516e+01   1.0539727e+01
   1.2823695e+01   1.2027878e+01
   1.3906375e+01   1.7404970e+01
   1.2323671e+01   1.0525273e+01
   1.1997352e+01   1.2103670e+01
   1.2096645e+01   1.0293099e+01
   1.1744167e+01   6.8803722e+00
   1.0944427e+01   1.0715255e+01
   1.3175200e+01   1.1167879e+01
   1.3051879e+01   1.1712808e+01
   1.0960529e+01   8.1442736e+00
   1.3815544e+01   1.2733184e+01
   1.3417012e+01   1.0231793e+01
   1.1554722e+01   7.0551025e+00
   1.1290731e+01   8.7833556e+00
   1.2925985e+01   1.3917233e+01
   1.3509205e+01   1.1945966e+01
   1.3229663e+01   1.3473716e+01
   1.0678486e+01   9.9455477e+00
   1.4056577e+01   1.5772030e+01
   1.0729826e+01   1.1697002e+01
   1.1032212e+01   1.3607673e+01
   1.1203006e+01   1.2849745e+01
   1.3135233e+01   1.3286403e+01
   1.2643107e+01   1.6577177e+01
   1.4292853e+01   9.5225681e+00
   1.0990151e+01   1.0255476e+01
   1.3672457e+01   1.3275431e+01
   1.4107249e+01   1.3998556e+01
   1.1616676e+01   1.3382585e+01
   1.1808472e+01   1.5320666e+01
   1.2191972e+01   1.0298918e+01
   1.1165153e+01   1.2171120e+01
   1.3082387e+01   6.7653808e+00
   1.0608839e+01   6.5107177e+00
   1.2931998e+01   1.0148669e+01
   1.3060510e+01   1.0231371e+01
   1.3430425e+01   1.1795214e+01
   1.2539812e+01   1.1909393e+01
   1.1962115e+01   1.2511945e+01
   1.3489037e+01   1.6119987e+01
   1.4226674e+01   1.1196308e+01
   1.2902806e+01   1.1173728e+01
   1.3798276e+01   1.0850908e+01
   1.1841071e+01   8.0644071e+00
   1.1650065e+01   7.5027386e+00
   1.4454899e+01   1.5601481e+01
   1.1839221e+01   1.0491081e+01
   1.3193672e+01   6.2994468e+00
   1.4013271e+01   9.3574652e+00
   1.3236304e+01   1.3689845e+01
   1.3431718e+01   1.5112035e+01
   1.1681869e+01   1.1880188e+01
   1.2557322e+01   8.5819238e+00
   1.2522781e+01   1.1561637e+01
   1.1353681e+01   1.0388236e+01
   1.3145482e+01   1.0594636e+01
   1.1558938e+01   1.1437420e+01
   1.5130707e+01   1.4669494e+01
   1.2705792e+01   1.4232372e+01
   1.1942236e+01   9.2118349e+00
   1.1778172e+01   1.1325429e+01
   1.3329709e+01   9.3079968e+00
   1.1584603e+01   1.1344957e+01
   1.2381799e+01   1.2449482e+01
   1.2883809e+01   1.0527661e+01
   1.2443849e+01   8.8714172e+00
   1.3151081e+01   8.5036037e+00
   1.3740253e+01   1.3143999e+01
   1.3565548e+01   1.4531360e+01
   1.1665056e+01   1.2094066e+01
   1.1403853e+01   8.4253141e+00
   1.2842442e+01   1.1957425e+01
   1.1772190e+01   8.5309739e+00
   1.2983291e+01   1.3123376e+01
   1.2742292e+01   1.2707876e+01
   1.4915013e+01   1.3183377e+01
   1.4220952e+01   1.3580826e+01
   1.4016500e+01   1.1703169e+01
   1.3729882e+01   1.4731512e+01
   1.2006009e+01   1.3729904e+01
   1.1819542e+01   1.2368907e+01
   1.0324188e+01   1.3864705e+01
   1.2313688e+01   1.6209572e+01
   1.3980128e+01   1.4603355e+01
   1.1815995e+01   8.4734420e+00
   1.2618340e+01   1.3879790e+01
   1.4377993e+01   1.2501395e+01
   1.2636555e+01   1.1472058e+01
   1.1027115e+01   1.4905031e+01
   1.3872090e+01   9.1525603e+00
   1.1368706e+01   8.5860687e+00
   1.3338964e+01   1.3952050e+01
   1.1390836e+01   1.1208802e+01
   1.3504169e+01   1.6203377e+01
   1.0881518e+01   1.1984581e+01
   1.2240999e+01   9.9289253e+00
   1.3470536e+01   9.0522850e+00
   1.3905146e+01   1.6766463e+01
   9.7585896e+00   9.2729034e+00
   1.2672921e+01   1.2249040e+01
   1.1188545e+01   1.2616687e+01
   1.3371219e+01   1.0359763e+01
   1.2592801e+01   1.4568150e+01
   1.0924572e+01   8.9548166e+00
   1.4296507e+01   1.0865210e+01
   1.1806033e+01   1.1790250e+01
   1.1527806e+01   9.2861362e+00
   1.2284929e+01   8.4863355e+00
   1.3938100e+01   1.1383768e+01
   1.3267435e+01   1.0959026e+01
   1.3973675e+01   1.2225594e+01
   1.3165681e+01   1.3980580e+01
   1.2420270e+01   1.0921446e+01
   1.2783473e+01   1.5919601e+01
   1.4753596e+01   1.2112443e+01
   1.2985248e+01   1.2504318e+01
   1.2608470e+01   9.8629612e+00
   1.3374202e+01   1.3511872e+01
   1.4624228e+01   1.1259217e+01
   1.2945072e+01   1.2721962e+01
   1.3682981e+01   1.1453630e+01
   1.2609796e+01   1.5284181e+01
   1.4576044e+01   1.4561023e+01
   1.2041897e+01   1.2706238e+01
   1.2132904e+01   1.2096478e+01
   1.3043710e+01   1.2836308e+01
   1.1294611e+01   1.1119812e+01
   1.2169551e+01   1.5725701e+01
   1.1471563e+01   1.0087941e+01
   1.1584365e+01   7.4000385e+00
   1.2233295e+01   1.4084162e+01
   1.4265494e+01   1.2393825e+01
   1.3498277e+01   1.2808236e+01
   1.1369184e+01   1.1638588e+01
   1.2425407e+01   1.1654359e+01
   1.3149754e+01   1.2091394e+01
   1.2016264e+01   9.6893836e+00
   1.1770568e+01   1.4430470e+01
   1.2431075e+01   1.4564656e+01
   1.2281377e+01   1.4248811e+01
   1.2191649e+01   1.4211797e+01
   1.2678881e+01   1.3596442e+01
   1.1603885e+01   1.2365824e+01
   1.1538491e+01   1.0324804e+01
   1.3891051e+01   1.1199020e+01
   1.2898813e+01   1.4981968e+01
   1.2961364e+01   8.9139960e+00
   1.1116108e+01   8.6268848e+00
   1.1475375e+01   1.2283675e+01
   1.4112359e+01   1.0886594e+01
   1.3159178e+01   1.3685336e+01
   1.1720969e+01   1.0753935e+01
   1.2809456e+01   9.5513161e+00
   1.3765777e+01   1.2265746e+01
   1.2522869e+01   8.7939446e+00
   1.1677764e+01   8.6534365e+00
   9.4274377e+00   6.7366120e+00
   1.1236126e+01   6.8205884e+00
   1.3076083e+01   1.4138465e+01
   1.2122413e+01   1.3182483e+01
   1.3294274e+01   1.2777082e+01
   1.0641377e+01   1.2522727e+01
   1.3446951e+01   1.3420211e+01
   1.2186449e+01   1.0849413e+01
   1.2639582e+01   1.1109008e+01
   1.2729323e+01   1.2858378e+01
   1.3557941e+01   1.0928299e+01
   1.1916673e+01   1.3639341e+01
   1.3255886e+01   1.2204503e+01
   1.1247265e+01   9.3420661e+00
   1.2963371e+01   1.0266051e+01
   1.1962065e+01   1.2456055e+01
   1.2353616e+01   1.3514523e+01
   1.2964981e+01   1.0769425e+01
   1.0801667e+01   9.2204029e+00
   1.3758673e+01   1.5781062e+01
   1.2584929e+01   1.1552204e+01
   1.2589207e+01   8.4115551e+00
   1.4200378e+01   1.4753946e+01
   1.0952785e+01   9.0937795e+00
   1.4773573e+01   1.5831812e+01
   1.2633259e+01   5.7987126e+00
   1.1942249e+01   1.1121997e+01
   1.2402619e+01   1.1588202e+01
   1.4165158e+01   1.3299104e+01
   1.1385894e+01   1.0971121e+01
   1.2973712e+01   1.2153185e+01
   1.0904437e+01   8.5272859e+00
   1.2311555e+01   9.2652594e+00
   1.2582706e+01   1.6100737e+01
   1.2723283e+01   1.0070379e+01
   1.2873247e+01   7.9959685e+00
   1.2629802e+01   7.3808767e+00
   1.1498792e+01   1.0653572e+01
   1.0191855e+01   7.3217580e+00
   1.4528214e+01   1.6013366e+01
   1.2905812e+01   1.2986556e+01
   1.3239985e+01   1.1223378e+01
   1.2500152e+01   1.1129364e+01
   1.4037847e+01   1.5206945e+01
   1.3269704e+01   1.2456832e+01
   1.2718785e+01   1.2622196e+01
   1.1546051e+01   1.1903198e+01
   1.0647953e+01   4.9616718e+00
   1.6169665e+01   1.2466826e+01
   1.0514356e+01   7.5249162e+00
   1.3054745e+01   1.3066477e+01
   1.2683733e+01   1.6931698e+01
   1.3306225e+01   1.3684783e+01
   1.3434672e+01   1.0802778e+01
   1.2369104e+01   1.3251085e+01
   1.2535849e+01   7.3488844e+00
   1.1831326e+01   1.2325228e+01
   1.2098479e+01   9.7842712e+00
   1.2895312e+01   1.2408591e+01
   1.3356169e+01   1.2926812e+01
   1.2877491e+01   1.5209118e+01
   1.2341685e+01   1.4840170e+01
   1.2048064e+01   9.8286652e+00
   1.3356218e+01   1.4179276e+01
   1.3110429e+01   1.3409219e+01
   1.0654189e+01  -5.0073946e+00
   1.1652449e+01  -8.0656200e+00
   1.4682880e+01  -1.4485614e+01
   1.3467041e+01  -1.0900899e+01
   1.2967892e+01  -8.1846953e+00
   1.2588142e+01  -7.3648740e+00
   1.4224409e+01  -1.2189268e+01
   1.3339444e+01  -1.2141419e+01
   9.8222171e+00  -4.2218932e+00
   1.2651068e+01  -8.9214985e+00
   1.2965084e+01  -1.0399417e+01
   1.4433641e+01  -9.2746468e+00
   1.2538813e+01  -1.1305961e+01
   1.4151959e+01  -1.1604417e+01
   1.1851983e+01  -1.1528550e+01
   1.4661513e+01  -8.7496558e+00
   1.3150493e+01  -1.0067728e+01
   1.3267492e+01  -1.1272069e+01
   1.1755936e+01  -7.4919579e+00
   1.2680160e+01  -1.2571469e+01
   1.5354003e+01  -1.1767901e+01
   1.4916929e+01  -1.0442666e+01
   9.4098283e+00  -7.4328353e+00
   1.4213277e+01  -1.1037074e+01
   1.1480619e+01  -1.0622046e+01
   1.1064092e+01  -9.1411955e+00
   1.3802482e+01  -1.1102568e+01
   1.8057657e+01  -1.5489991e+01
   1.2795281e+01  -7.9862612e+00
   1.3876739e+01  -1.0286550e+01
   1.3172017e+01  -9.4127004e+00
   1.3202321e+01  -1.0111978e+01
   1.3576218e+01  -1.1586295e+01
   1.3644176e+01  -1.1589484e+01
   1.3179996e+01  -9.7869923e+00
   1.0493054e+01  -7.2872177e+00
   1.2760488e+01  -1.0988600e+01
   1.1587979e+01  -7.2595038e+00
   1.2464348e+01  -9.4895732e+00
   1.1145001e+01  -5.8790098e+00
   8.9112658e+00  -6.7385185e+00
   1.0070636e+01  -7.1286033e+00
   1.0846670e+01  -9.9690919e+00
   1.1026893e+01  -7.6497380e+00
   1.3140875e+01  -1.0466980e+01
   1.6492173e+01  -1.3759521e+01
   1.2179717e+01  -9.6879166e+00
   9.8221133e+00  -7.4704527e+00
   1.0947350e+01  -9.0544890e+00
   1.1629185e+01  -9.3346307e+00
   1.4192185e+01  -1.0920189e+01
   1.3514386e+01  -1.1635135e+01
   1.4453525e+01  -1.0537813e+01
   1.2844804e+01  -1.0462435e+01
   1.4284140e+01  -1.2051370e+01
   1.2509816e+01  -9.8095522e+00
   1.4419838e+01  -1.0768967e+01
   1.4283779e+01  -1.0040659e+01
   1.4728466e+01  -1.0963112e+01
   1.4613169e+01  -1.4016791e+01
   1.5242527e+01  -1.1739621e+01
   1.4626327e+01  -1.2249017e+01
   1.2790716e+01  -4.7681908e+00
   9.8577865e+00  -5.2052051e+00
   1.1720166e+01  -9.2715663e+00
   1.3220092e+01  -9.2029886e+00
   1.4665926e+01  -1.0519625e+01
   1.5073303e+01  -1.2492388e+01
   1.5064214e+01  -1.3666856e+01
   1.0706794e+01  -6.6345132e+00
   1.5265908e+01  -1.3425260e+01
   1.3804736e+01  -1.0589510e+01
   1.2830468e+01  -8.5262875e+00
   1.4687593e+01  -1.1921628e+01
   1.3132261e+01  -8.4997966e+00
   1.5183388e+01  -1.2484631e+01
   1.0872870e+01  -7.9627713e+00
   1.3817753e+01  -1.3452353e+01
   1.4442863e+01  -9.8615623e+00
   1.5068241e+01  -1.3112443e+01
   1.3330888e+01  -1.0979465e+01
   1.3407912e+01  -9.7980972e+00
   1.2100147e+01  -1.0417844e+01
   1.4136809e+01  -9.9117072e+00
   9.0906257e+00  -6.3303919e+00
   1.0261920e+01  -8.7324443e+00
   1.2069798e+01  -8.3864945e+00
   1.5234122e+01  -9.6812424e+00
   1.3810008e+01  -9.8283555e+00
   1.3694761e+01  -1.1264247e+01
   1.3865508e+01  -1.2102314e+01
   1.2727776e+01  -8.0038831e+00
   1.0966138e+01  -7.8596753e+00
   1.2188262e+01  -6.5863760e+00
   1.5495317e+01  -1.1692213e+01
   1.4511801e+01  -1.2216113e+01
   1.4606944e+01  -9.7393113e+00
   1.2843851e+01  -1.0825789e+01
   9.8264585e+00  -9.1334818e+00
   1.4312982e+01  -1.2576276e+01
   1.0796882e+01  -1.0378235e+01
   1.1725099e+01  -7.4281085e+00
   1.3154750e+01  -7.9230990e+00
   1.2602053e+01  -1.0624303e+01
   1.4648190e+01  -1.2139227e+01
   1.1753805e+01  -9.2486678e+00
   1.2827646e+01  -1.2693525e+01
   1.3065058e+01  -9.0168519e+00
   1.3070700e+01  -1.2224648e+01
   1.2955347e+01  -8.7666333e+00
   1.1981136e+01  -6.4359501e+00
   1.4207251e+01  -9.8202017e+00
   1.4965503e+01  -1.0686082e+01
   1.3505283e+01  -1.0575235e+01
   1.1928452e+01  -6.5937717e+00
   1.4240758e+01  -1.0818905e+01
   1.1069463e+01  -8.6110232e+00
   1.1688086e+01  -7.3974538e+00
   1.1747614e+01  -7.4616968e+00
   1.1655592e+01  -9.7984875e+00
   1.3400639e+01  -1.2198718e+01
   1.4510330e+01  -1.4219306e+01
   1.2453254e+01  -8.6397635e+00
   1.2431680e+01  -1.0019535e+01
   1.3989940e+01  -1.1570683e+01
   1.5050959e+01  -1.3828590e+01
   1.3072275e+01  -1.1511565e+01
   1.2570144e+01  -1.0004341e+01
   1.1586020e+01  -1.0517430e+01
   1.5217885e+01  -1.3391019e+01
   1.2051599e+01  -1.0169658e+01
   1.1971601e+01  -5.6154533e+00
   1.2450795e+01  -1.1900676e+01
   1.3823470e+01  -1.1595566e+01
   1.3453158e+01  -1.1265147e+01
   1.4417131e+01  -1.3383381e+01
   1.5575552e+01  -1.5292983e+01
   1.3293330e+01  -9.7883129e+00
   1.2048216e+01  -6.5221810e+00
   1.5406175e+01  -1.3298214e+01
   1.0274874e+01  -7.0367828e+00
   1.1451853e+01  -5.5149504e+00
   1.4070771e+01  -1.2392761e+01
   1.4636707e+01  -1.1467338e+01
   1.1886805e+01  -9.5303690e+00
   1.1366184e+01  -8.4653578e+00
   1.2033364e+01  -9.2423663e+00
   1.2450369e+01  -7.3575141e+00
   1.4985366e+01  -8.9782460e+00
   1.4002270e+01  -1.0562907e+01
   1.3597921e+01  -1.4593761e+01
   1.4805628e+01  -9.7886387e+00
   1.2558074e+01  -1.4580216e+01
   1.2235571e+01  -1.0835474e+01
   1.3840123e+01  -1.0639055e+01
   1.2722808e+01  -1.1292747e+01
   1.3550284e+01  -1.2624294e+01
   1.2512242e+01  -9.6866164e+00
   1.4539421e+01  -1.2764398e+01
   1.4376911e+01  -1.0955836e+01
   1.0030175e+01  -5.1543432e+00
   1.1909422e+01  -1.0186361e+01
   1.3783442e+01  -9.1641296e+00
   1.1657081e+01  -8.7164429e+00
   1.3527832e+01  -8.3762097e+00
   1.1341131e+01  -8.9654928e+00
   1.4715282e+01  -1.2063092e+01
   1.2882089e+01  -7.3445756e+00
   1.4117968e+01  -1.1119196e+01
   1.2003289e+01  -7.8613043e+00
   1.2771017e+01  -8.7637359e+00
   1.2175072e+01  -7.8420272e+00
   1.4965463e+01  -1.0915672e+01
   1.1511639e+01  -9.1419196e+00
   1.1798781e+01  -8.4533900e+00
   1.2900136e+01  -1.1506208e+01
   1.3602355e+01  -9.6737578e+00
   1.1863068e+01  -9.2826388e+00
   1.3847315e+01  -7.7045907e+00
   1.5389483e+01  -1.4267530e+01
   1.3486392e+01  -9.3255119e+00
   1.2822314e+01  -7.9421459e+00
   1.3541497e+01  -9.9574430e+00
   1.3905603e+01  -8.6051628e+00
   1.4712781e+01  -1.3923859e+01
   1.2474681e+01  -1.3392754e+01
   1.2800019e+01  -1.3216750e+01
   1.4577207e+01  -1.1988196e+01
   1.1677596e+01  -9.3940810e+00
   1.0855819e+01  -6.2604654e+00
   1.1586484e+01  -9.8659359e+00
   1.3147420e+01  -8.6946284e+00
   1.0862634e+01  -9.7276118e+00
   1.4243459e+01  -7.2267259e+00
   1.4810222e+01  -1.3551514e+01
   1.2193985e+01  -1.1320384e+01
   1.4036750e+01  -7.6623763e+00
   1.1015394e+01  -1.1845559e+01
   1.2435122e+01  -1.0484804e+01
   1.4079438e+01  -1.2166628e+01
   1.0485952e+01  -2.9813731e+00
   1.3118138e+01  -9.0628409e+00
   1.5787413e+01  -1.4294090e+01
   1.2809364e+01  -5.4163544e+00
   1.1215204e+01  -6.4201360e+00
   1.4429378e+01  -1.1930447e+01
   1.1994436e+01  -1.0028323e+01
   1.3990897e+01  -1.3376527e+01
   1.2985455e+01  -1.1329370e+01
   1.3508111e+01  -7.9514735e+00
   1.3700747e+01  -1.0855781e+01
   1.3605958e+01  -6.8315268e+00
   1.2832878e+01  -8.7117721e+00
   1.0073480e+01  -7.4132136e+00
   1.3492684e+01  -1.1438211e+01
   1.4264135e+01  -1.1008524e+01
   1.0910066e+01  -7.5069426e+00
   1.4098359e+01  -1.0520013e+01
   1.1544176e+01  -1.2007602e+01
   1.3354199e+01  -1.1180364e+01
   1.3766838e+01  -1.1072940e+01
   1.4200575e+01  -1.1690699e+01
   1.1518485e+01  -7.5126458e+00
   1.4495376e+01  -9.4354882e+00
   1.3910211e+01  -1.2395317e+01
   1.0516368e+01  -1.0304076e+01
   1.2373390e+01  -8.6631834e+00
   1.1071026e+01  -1.0131706e+01
   1.2710111e+01  -7.6924819e+00
   1.0119962e+01  -7.1543796e+00
   1.5728049e+01  -1.0548601e+01
   1.2912053e+01  -7.6548022e+00
   1.1264088e+01  -9.6407256e+00
   1.7720380e+01  -1.5855266e+01
   1.1240386e+01  -5.8196741e+00
   1.4178405e+01  -1.1904569e+01
   1.4449123e+01  -1.2026759e+01
   1.2321884e+01  -9.8613987e+00
   1.0672931e+01  -8.3733188e+00
   1.2921460e+01  -7.2619294e+00
   1.1920741e+01  -6.5317956e+00
   8.2594930e+00  -6.0331735e+00
   1.3082654e+01  -9.9173819e+00
   1.3404875e+01  -9.0846101e+00
   1.1561457e+01  -9.2203348e+00
   1.5122041e+01  -1.1661368e+01
   1.3461245e+01  -8.0069256e+00
   1.2120101e+01  -9.3264839e+00
   1.3651265e+01  -9.9093886e+00
   1.3167047e+01  -1.2048735e+01
   1.1192933e+01  -8.5228242e+00
   1.0856818e+01  -8.2873098e+00
   1.1429904e+01  -6.5991538e+00
   1.2956489e+01  -1.0943350e+01
   1.4146820e+01  -1.2674893e+01
   1.3014827e+01  -1.3735028e+01
   1.2140024e+01  -8.0784213e+00
   1.2564212e+01  -1.2200944e+01
   1.3224476e+01  -1.2297969e+01
   1.5723582e+01  -1.3334015e+01
   1.1754821e+01  -8.6312276e+00
   1.1815088e+01  -8.6736755e+00
   1.6045508e+01  -1.4815187e+01
   1.1004755e+01  -7.6784345e+00
   1.1990639e+01  -8.6929852e+00
   1.1709258e+01  -1.0013093e+01
   1.5511296e+01  -1.5198367e+01
   1.5100410e+01  -1.0738485e+01
   1.3434593e+01  -1.1123507e+01
   1.2217477e+01  -6.3702589e+00
   1.2755317e+01  -6.6699436e+00
   1.3381470e+01  -1.0009081e+01
   1.2204483e+01  -1.1014143e+01
   1.1680399e+01  -9.9576946e+00
   1.6281534e+01  -1.4887383e+01
   1.4012464e+01  -1.1057617e+01
   1.4198260e+01  -9.3219711e+00
   1.2598293e+01  -9.1091999e+00
   1.3520058e+01  -1.1567977e+01
   1.3425498e+01  -1.0252255e+01
   1.4937236e+01  -8.4010856e+00
   1.2751366e+01  -1.0375360e+01
   1.2374167e+01  -8.5461488e+00
   1.2456324e+01  -1.0095417e+01
   1.1923407e+01  -1.1938398e+01
   1.0998151e+01  -7.4803361e+00
   1.3852411e+01  -1.1595669e+01
   1.3708598e+01  -1.0942866e+01
   1.0955636e+01  -9.4309644e+00
   1.4706923e+01  -1.1705887e+01
   1.4137654e+01  -1.2776890e+01
   1.1686240e+01  -1.1429842e+01
   1.1392154e+01  -9.6132280e+00
   1.3602194e+01  -9.0465974e+00
   1.4297186e+01  -1.1681799e+01
   1.3978363e+01  -9.9837577e+00
   1.0640332e+01  -7.5238239e+00
   1.5088633e+01  -9.9194317e+00
   1.0748710e+01  -6.3193618e+00
   1.1180955e+01  -5.4972322e+00
   1.1380051e+01  -6.4037419e+00
   1.3853417e+01  -9.9350295e+00
   1.3306880e+01  -6.4970471e+00
   1.5236541e+01  -1.5054479e+01
   1.1045154e+01  -7.9147009e+00
   1.4537850e+01  -1.1015627e+01
   1.5109732e+01  -1.1343962e+01
   1.1920346e+01  -6.8319041e+00
   1.2212313e+01  -5.7685598e+00
   1.2577963e+01  -1.0281368e+01
   1.1315167e+01  -6.8345742e+00
   1.3626175e+01  -1.4695570e+01
   1.0467347e+01  -9.9478883e+00
   1.3517456e+01  -1.1870730e+01
   1.3683276e+01  -1.2065554e+01
   1.4193082e+01  -1.1637029e+01
   1.3060780e+01  -9.7739824e+00
   1.2339267e+01  -8.1711492e+00
   1.4373824e+01  -8.5268563e+00
   1.5193232e+01  -1.3673416e+01
   1.3505383e+01  -1.1047550e+01
   1.4638763e+01  -1.3075984e+01
   1.2075945e+01  -1.1248304e+01
   1.1818733e+01  -1.1286138e+01
   1.5592120e+01  -1.0841828e+01
   1.2133087e+01  -9.4338111e+00
   1.3756585e+01  -1.5265401e+01
   1.4876160e+01  -1.4619576e+01
   1.3992127e+01  -9.8357384e+00
   1.4276056e+01  -9.1645774e+00
   1.1966598e+01  -8.0831414e+00
   1.3001509e+01  -1.2291915e+01
   1.3030547e+01  -9.9994822e+00
   1.1511735e+01  -8.5413154e+00
   1.3800481e+01  -1.1964105e+01
   1.1799064e+01  -8.1681435e+00
   1.6430600e+01  -1.2886338e+01
   1.3329281e+01  -8.3718883e+00
   1.2233016e+01  -1.0594033e+01
   1.2075737e+01  -8.6893488e+00
   1.4003734e+01  -1.3291959e+01
   1.1829507e+01  -8.2883714e+00
   1.2872631e+01  -9.0555360e+00
   1.3465331e+01  -1.1491728e+01
   1.2863984e+01  -1.1849378e+01
   1.3756347e+01  -1.3535625e+01
   1.4621035e+01  -1.1249038e+01
   1.4432388e+01  -9.8650332e+00
   1.1950414e+01  -7.8899823e+00
   1.1527551e+01  -1.0106215e+01
   1.3447665e+01  -1.0342252e+01
   1.1999594e+01  -1.0762648e+01
   1.3655767e+01  -9.7533742e+00
   1.3338422e+01  -9.5823402e+00
   1.6119255e+01  -1.3564718e+01
   1.5244406e+01  -1.1882650e+01
   1.4937789e+01  -1.2875641e+01
   1.4646742e+01  -1.0043723e+01
   1.2425074e+01  -7.3499214e+00
   1.2154049e+01  -7.9932815e+00
   1.0284867e+01  -3.8920704e+00
   1.2878016e+01  -6.1137673e+00
   1.4962543e+01  -1.0638897e+01
   1.2054014e+01  -1.0893022e+01
   1.3209177e+01  -8.4604160e+00
   1.5418091e+01  -1.3001614e+01
   1.3173357e+01  -1.0293443e+01
   1.1206268e+01  -4.5189590e+00
   1.4691198e+01  -1.4490651e+01
   1.1486698e+01  -9.9160990e+00
   1.4129397e+01  -9.8450079e+00
   1.1579210e+01  -8.0031737e+00
   1.4395155e+01  -8.4948365e+00
   1.0949096e+01  -6.4075775e+00
   1.2631377e+01  -1.0655327e+01
   1.4176951e+01  -1.3763893e+01
   1.4920014e+01  -8.8750904e+00
   9.4514140e+00  -6.1894526e+00
   1.3238757e+01  -9.7862478e+00
   1.1355906e+01  -6.5487854e+00
   1.4082427e+01  -1.2589985e+01
   1.3193505e+01  -7.8957761e+00
   1.0929682e+01  -8.7543537e+00
   1.5274118e+01  -1.4059885e+01
   1.2122642e+01  -8.3981112e+00
   1.1706639e+01  -9.7113006e+00
   1.2651996e+01  -1.1819491e+01
   1.4830037e+01  -1.2957479e+01
   1.3964846e+01  -1.1935638e+01
   1.4896018e+01  -1.2400317e+01
   1.3909245e+01  -9.4778120e+00
   1.2884197e+01  -1.0272564e+01
   1.3469657e+01  -7.2679351e+00
   1.5887268e+01  -1.4041635e+01
   1.3643083e+01  -1.0219226e+01
   1.3098108e+01  -1.1438098e+01
   1.4163517e+01  -1.0243816e+01
   1.5701466e+01  -1.4420074e+01
   1.3597213e+01  -9.9766185e+00
   1.4506595e+01  -1.2396077e+01
   1.3232722e+01  -7.3953933e+00
   1.5721012e+01  -1.1860058e+01
   1.2445714e+01  -8.1854282e+00
   1.2546754e+01  -8.8221045e+00
   1.3725734e+01  -1.0088196e+01
   1.1454387e+01  -7.8774936e+00
   1.2682447e+01  -6.1871087e+00
   1.1654616e+01  -9.0007160e+00
   1.1732478e+01  -1.1231622e+01
   1.2723441e+01  -7.5392820e+00
   1.5272072e+01  -1.2857313e+01
   1.4304400e+01  -1.1016553e+01
   1.1562152e+01  -7.6392428e+00
   1.2908715e+01  -9.7359143e+00
   1.3842624e+01  -1.0855741e+01
   1.2339075e+01  -1.0385458e+01
   1.2142177e+01  -6.3571659e+00
   1.2987296e+01  -7.5755438e+00
   1.2788759e+01  -7.5124020e+00
   1.2673492e+01  -7.3609067e+00
   1.3279390e+01  -8.7927036e+00
   1.1879113e+01  -7.5650843e+00
   1.1745723e+01  -8.9575677e+00
   1.4765542e+01  -1.3001420e+01
   1.3593669e+01  -8.1978438e+00
   1.3524611e+01  -1.2850672e+01
   1.1165757e+01  -9.3814032e+00
   1.1713311e+01  -7.3698538e+00
   1.5039942e+01  -1.3676330e+01
   1.3893718e+01  -9.6851437e+00
   1.1988818e+01  -9.0016127e+00
   1.3346627e+01  -1.2071859e+01
   1.4632032e+01  -1.1955348e+01
   1.2962797e+01  -1.2064929e+01
   1.1882250e+01  -1.0482773e+01
   8.9671671e+00  -7.4210030e+00
   1.1274434e+01  -1.0968855e+01
   1.3798922e+01  -9.1811407e+00
   1.2560010e+01  -7.9907771e+00
   1.4043630e+01  -1.0632568e+01
   1.0656226e+01  -5.5266390e+00
   1.4253989e+01  -1.0457435e+01
   1.2584422e+01  -9.8595598e+00
   1.3168314e+01  -1.0570396e+01
   1.3325582e+01  -9.4441445e+00
   1.4334349e+01  -1.2538477e+01
   1.2308994e+01  -7.2391681e+00
   1.3980665e+01  -1.0983199e+01
   1.1350455e+01  -9.1095474e+00
   1.3560320e+01  -1.1845765e+01
   1.2337833e+01  -8.2127548e+00
   1.2862825e+01  -8.2045361e+00
   1.3574714e+01  -1.1473358e+01
   1.0779549e+01  -8.3108268e+00
   1.4709170e+01  -9.3180135e+00
   1.3109523e+01  -1.0130581e+01
   1.3037970e+01  -1.2482695e+01
   1.5246948e+01  -1.0966189e+01
   1.0969047e+01  -8.7069772e+00
   1.6003924e+01  -1.1306095e+01
   1.3030051e+01  -1.4520353e+01
   1.2279868e+01  -9.1686826e+00
   1.2878049e+01  -9.7397902e+00
   1.5166388e+01  -1.1981496e+01
   1.1567083e+01  -8.1706669e+00
   1.3619770e+01  -1.0458216e+01
   1.0893536e+01  -9.0331854e+00
   1.2705029e+01  -1.1291403e+01
   1.3218216e+01  -6.7319961e+00
   1.3249525e+01  -1.1512511e+01
   1.3389795e+01  -1.3359811e+01
   1.3064438e+01  -1.3332830e+01
   1.1703187e+01  -8.6329916e+00
   9.9557782e+00  -8.5102972e+00
   1.5695660e+01  -1.0680829e+01
   1.3553664e+01  -9.7008061e+00
   1.3936343e+01  -1.1683581e+01
   1.2991106e+01  -1.0276875e+01
   1.5050906e+01  -1.0303713e+01
   1.4004463e+01  -1.0822494e+01
   1.3306361e+01  -9.5993491e+00
   1.1794060e+01  -7.7948508e+00
   1.0479218e+01  -1.1181877e+01
   1.7700763e+01  -1.6603958e+01
   1.0371794e+01  -9.0024792e+00
   1.3745442e+01  -9.9384698e+00
   1.3367351e+01  -6.3135987e+00
   1.4081118e+01  -9.9790918e+00
   1.4174162e+01  -1.2386071e+01
   1.2876105e+01  -8.4320329e+00
   1.2943908e+01  -1.3169152e+01
   1.2167996e+01  -8.0493969e+00
   1.2446185e+01  -1.0478769e+01
   1.3526111e+01  -1.0111129e+01
   1.4126188e+01  -1.0644393e+01
   1.3572064e+01  -7.9857812e+00
   1.2880123e+01  -7.1915131e+00
   1.2383020e+01  -1.0345004e+01
   1.4156959e+01  -9.7098937e+00
   1.3824816e+01  -9.7938702e+00

